schedule,od
4.46429043647754,LAX_DTLA
6.326862130833661,LAX_DTLA
8.81889506487687,LAX_DTLA
12.385096383741484,LAX_DTLA
13.231579821839887,LAX_DTLA
19.093962323723645,LAX_DTLA
23.46201466625439,LAX_DTLA
25.39806109054689,LAX_DTLA
29.591176446284408,LAX_DTLA
35.87395156400521,LAX_DTLA
48.66038834488686,LAX_DTLA
53.09811241859931,LAX_DTLA
54.84622411756939,LAX_DTLA
57.31507772420373,LAX_DTLA
66.91494288782204,LAX_DTLA
72.24458592619362,LAX_DTLA
79.45050994117807,LAX_DTLA
82.65602340544072,LAX_DTLA
99.23184825694075,LAX_DTLA
122.16823365582472,LAX_DTLA
147.5855026061598,LAX_DTLA
150.74209787998228,LAX_DTLA
156.54199637635014,LAX_DTLA
288.2957564689213,LAX_DTLA
309.54921333441433,LAX_DTLA
323.940693877848,LAX_DTLA
327.6386349987956,LAX_DTLA
333.8352658178926,LAX_DTLA
352.0903836531058,LAX_DTLA
357.2436606247282,LAX_DTLA
365.89548965442395,LAX_DTLA
376.33654138459406,LAX_DTLA
391.5557185720637,LAX_DTLA
398.585040383643,LAX_DTLA
407.26481790333014,LAX_DTLA
412.5192718449259,LAX_DTLA
419.6156385507624,LAX_DTLA
421.3849292015543,LAX_DTLA
429.60843390295196,LAX_DTLA
433.4084081451679,LAX_DTLA
436.97460946522517,LAX_DTLA
439.41039728115624,LAX_DTLA
448.11913264641663,LAX_DTLA
451.5050448153407,LAX_DTLA
455.5988916451578,LAX_DTLA
460.6599960150092,LAX_DTLA
462.30709813927774,LAX_DTLA
464.39595114009563,LAX_DTLA
468.1504374768212,LAX_DTLA
469.6277764612054,LAX_DTLA
471.23531254547794,LAX_DTLA
477.07066575356816,LAX_DTLA
479.5728089523823,LAX_DTLA
482.4530025257071,LAX_DTLA
483.69430383822544,LAX_DTLA
486.9069816483114,LAX_DTLA
489.7112048696462,LAX_DTLA
494.7301301750109,LAX_DTLA
495.73638334181373,LAX_DTLA
496.94699277742916,LAX_DTLA
502.3589425875862,LAX_DTLA
510.81795433151,LAX_DTLA
518.3593283067468,LAX_DTLA
524.076228143222,LAX_DTLA
527.7252431714788,LAX_DTLA
531.1789869256924,LAX_DTLA
532.0998918556639,LAX_DTLA
535.0158866004164,LAX_DTLA
538.2017034309868,LAX_DTLA
543.2047224475525,LAX_DTLA
544.5881410260708,LAX_DTLA
546.1292419434976,LAX_DTLA
549.7180786674948,LAX_DTLA
552.7291426856793,LAX_DTLA
556.1892635923696,LAX_DTLA
557.1877777704916,LAX_DTLA
558.8708099308004,LAX_DTLA
561.6905886709285,LAX_DTLA
567.1977110004689,LAX_DTLA
570.516776263383,LAX_DTLA
572.1647279524587,LAX_DTLA
573.7355827314648,LAX_DTLA
576.733999698268,LAX_DTLA
579.7095965440723,LAX_DTLA
584.1113894186686,LAX_DTLA
588.1721464079175,LAX_DTLA
588.9613406808112,LAX_DTLA
589.1952090565716,LAX_DTLA
591.2086280617167,LAX_DTLA
591.5190247873998,LAX_DTLA
597.8815297504767,LAX_DTLA
600.2988056485971,LAX_DTLA
601.770754153802,LAX_DTLA
605.6624622790715,LAX_DTLA
607.6212455293891,LAX_DTLA
611.9191275938678,LAX_DTLA
615.216737477661,LAX_DTLA
617.2344649149462,LAX_DTLA
620.9253131528011,LAX_DTLA
624.2687897859157,LAX_DTLA
627.588668275551,LAX_DTLA
630.3415753037285,LAX_DTLA
631.6281615658938,LAX_DTLA
632.2225029416048,LAX_DTLA
634.8960758965794,LAX_DTLA
636.0139518738936,LAX_DTLA
637.624122753482,LAX_DTLA
639.7150710356782,LAX_DTLA
641.7204119502762,LAX_DTLA
643.808214751137,LAX_DTLA
645.7759388558769,LAX_DTLA
646.5967223432614,LAX_DTLA
649.283846856386,LAX_DTLA
650.6524965557217,LAX_DTLA
653.2367606519822,LAX_DTLA
654.0108231355018,LAX_DTLA
658.8680196885543,LAX_DTLA
661.920411189983,LAX_DTLA
663.0552881964156,LAX_DTLA
666.1760572005923,LAX_DTLA
667.9114396465951,LAX_DTLA
671.4643530380811,LAX_DTLA
675.8896321601602,LAX_DTLA
679.7186143668304,LAX_DTLA
680.811206420049,LAX_DTLA
681.1251288034645,LAX_DTLA
681.2944252198869,LAX_DTLA
681.9591938089723,LAX_DTLA
683.0208944428118,LAX_DTLA
684.5091059589465,LAX_DTLA
685.9887509541701,LAX_DTLA
687.6253521828068,LAX_DTLA
689.0824860888547,LAX_DTLA
690.9682525938282,LAX_DTLA
692.1957386188363,LAX_DTLA
693.8661836255831,LAX_DTLA
695.4997435427524,LAX_DTLA
700.8482616347695,LAX_DTLA
701.297653883738,LAX_DTLA
709.8494551244306,LAX_DTLA
713.5626986781717,LAX_DTLA
715.5309556837763,LAX_DTLA
718.5437919701783,LAX_DTLA
720.2822302104112,LAX_DTLA
725.724293534899,LAX_DTLA
728.3637940300395,LAX_DTLA
729.0130708719857,LAX_DTLA
730.8003623039792,LAX_DTLA
731.5452761845656,LAX_DTLA
732.5441225108699,LAX_DTLA
734.5582090037741,LAX_DTLA
734.9831442661573,LAX_DTLA
736.2367083195194,LAX_DTLA
742.584815173941,LAX_DTLA
749.7721399444492,LAX_DTLA
751.1041792267972,LAX_DTLA
754.3328905774538,LAX_DTLA
758.6875960705571,LAX_DTLA
761.3376335700366,LAX_DTLA
763.3368382373884,LAX_DTLA
764.8651276903425,LAX_DTLA
767.3044101377035,LAX_DTLA
770.6820306294843,LAX_DTLA
775.8911727907023,LAX_DTLA
776.909023442931,LAX_DTLA
779.3957164921814,LAX_DTLA
782.348984345258,LAX_DTLA
784.1876844680656,LAX_DTLA
786.2098294050298,LAX_DTLA
791.9983453515212,LAX_DTLA
797.9671447053962,LAX_DTLA
800.7241641313236,LAX_DTLA
802.4239178759929,LAX_DTLA
805.8353164023823,LAX_DTLA
810.9397453581917,LAX_DTLA
818.1824900948783,LAX_DTLA
820.615771736349,LAX_DTLA
823.8967714042211,LAX_DTLA
824.555018725361,LAX_DTLA
826.4299642047698,LAX_DTLA
827.5954919914981,LAX_DTLA
828.5736033661931,LAX_DTLA
829.3728710014149,LAX_DTLA
829.6501078342434,LAX_DTLA
830.455161443358,LAX_DTLA
833.412430255017,LAX_DTLA
835.4996212146947,LAX_DTLA
836.3281898776112,LAX_DTLA
838.7847120464588,LAX_DTLA
844.1544978082225,LAX_DTLA
855.1067156247731,LAX_DTLA
860.8685341898615,LAX_DTLA
865.5245640461521,LAX_DTLA
870.6152502267141,LAX_DTLA
872.5278031262958,LAX_DTLA
875.3429978917208,LAX_DTLA
876.3544327255995,LAX_DTLA
881.1438761099292,LAX_DTLA
882.3534835059647,LAX_DTLA
882.7443813206314,LAX_DTLA
885.5058500900153,LAX_DTLA
887.4370763678148,LAX_DTLA
891.2730819268562,LAX_DTLA
897.8985452738809,LAX_DTLA
901.1003031814334,LAX_DTLA
904.6482833704932,LAX_DTLA
905.466363530917,LAX_DTLA
908.018204740332,LAX_DTLA
911.0410259485735,LAX_DTLA
915.6792715471815,LAX_DTLA
920.7503895811191,LAX_DTLA
926.1142224383259,LAX_DTLA
932.6119663639948,LAX_DTLA
935.1871581850269,LAX_DTLA
938.6054570474852,LAX_DTLA
944.6402372471279,LAX_DTLA
947.1666606991976,LAX_DTLA
952.5347987279032,LAX_DTLA
954.7376758321348,LAX_DTLA
956.9429974999756,LAX_DTLA
958.1874115314488,LAX_DTLA
960.5192080880178,LAX_DTLA
967.9689121641095,LAX_DTLA
971.7947211675668,LAX_DTLA
972.6143886119887,LAX_DTLA
974.7463539549715,LAX_DTLA
975.9376657629166,LAX_DTLA
976.6302258856676,LAX_DTLA
977.7156956845273,LAX_DTLA
979.2750232524311,LAX_DTLA
980.8681229708725,LAX_DTLA
981.8670800092574,LAX_DTLA
983.3823337777399,LAX_DTLA
985.8787678506146,LAX_DTLA
988.3538747974724,LAX_DTLA
989.7615097661496,LAX_DTLA
992.6998866048269,LAX_DTLA
994.3566634970268,LAX_DTLA
997.3522076818214,LAX_DTLA
998.8159721291723,LAX_DTLA
1001.050820253745,LAX_DTLA
1002.3127118341586,LAX_DTLA
1005.4892962175886,LAX_DTLA
1007.6776852517484,LAX_DTLA
1012.6938454716461,LAX_DTLA
1013.3585235631566,LAX_DTLA
1015.3850112750159,LAX_DTLA
1016.3776054274806,LAX_DTLA
1019.4375417363736,LAX_DTLA
1023.8997925344257,LAX_DTLA
1025.2357295783768,LAX_DTLA
1028.9258020800658,LAX_DTLA
1031.17456747403,LAX_DTLA
1032.454174029993,LAX_DTLA
1033.1574768116598,LAX_DTLA
1035.9918281468676,LAX_DTLA
1036.832036301337,LAX_DTLA
1038.1099955473394,LAX_DTLA
1038.656147451674,LAX_DTLA
1039.296825474825,LAX_DTLA
1040.1824265578987,LAX_DTLA
1040.8496435183313,LAX_DTLA
1042.6539575183592,LAX_DTLA
1044.3546529459175,LAX_DTLA
1044.8782201682075,LAX_DTLA
1047.461310346892,LAX_DTLA
1050.0647308941648,LAX_DTLA
1054.9911595661472,LAX_DTLA
1060.4867540804476,LAX_DTLA
1062.7085783280284,LAX_DTLA
1063.8156379707268,LAX_DTLA
1065.7429749095234,LAX_DTLA
1067.6172139539642,LAX_DTLA
1069.0840231119937,LAX_DTLA
1072.597069477168,LAX_DTLA
1076.4433995964614,LAX_DTLA
1077.5731702443197,LAX_DTLA
1080.2814298189323,LAX_DTLA
1082.8760075617167,LAX_DTLA
1086.5396201425995,LAX_DTLA
1088.4599230648364,LAX_DTLA
1089.8114878704314,LAX_DTLA
1091.146792843241,LAX_DTLA
1091.8524069619282,LAX_DTLA
1092.5042366273908,LAX_DTLA
1094.7005053520575,LAX_DTLA
1097.3002774475199,LAX_DTLA
1097.883100921042,LAX_DTLA
1098.4243181883674,LAX_DTLA
1099.9016082563123,LAX_DTLA
1105.5786412289342,LAX_DTLA
1111.1929202834435,LAX_DTLA
1113.4017448824673,LAX_DTLA
1115.1857809897642,LAX_DTLA
1117.3228331462378,LAX_DTLA
1118.6831415248216,LAX_DTLA
1120.6275046737885,LAX_DTLA
1121.25530502514,LAX_DTLA
1122.042464552739,LAX_DTLA
1123.049616427083,LAX_DTLA
1123.9683127286014,LAX_DTLA
1125.1233601602291,LAX_DTLA
1126.7917399596538,LAX_DTLA
1133.0163821832878,LAX_DTLA
1135.2368028694532,LAX_DTLA
1136.7065671775972,LAX_DTLA
1139.0178998428387,LAX_DTLA
1140.2462069643216,LAX_DTLA
1142.0723827165402,LAX_DTLA
1143.3801620277266,LAX_DTLA
1146.429894553663,LAX_DTLA
1150.7853276445628,LAX_DTLA
1154.9099999761113,LAX_DTLA
1160.3452289329566,LAX_DTLA
1161.7171307095234,LAX_DTLA
1164.876145292486,LAX_DTLA
1167.0859420361246,LAX_DTLA
1168.9598629656725,LAX_DTLA
1175.4963755577114,LAX_DTLA
1177.6233686767484,LAX_DTLA
1178.5895714866701,LAX_DTLA
1179.8057699354172,LAX_DTLA
1182.9377486597925,LAX_DTLA
1184.4495799348888,LAX_DTLA
1185.3011786814327,LAX_DTLA
1187.7230722428876,LAX_DTLA
1188.9908208675279,LAX_DTLA
1190.7212973714745,LAX_DTLA
1192.9010729053703,LAX_DTLA
1195.1443137689537,LAX_DTLA
1199.109954520984,LAX_DTLA
1200.2473203488698,LAX_DTLA
1200.7352307066608,LAX_DTLA
1203.3882656677604,LAX_DTLA
1204.9885091941542,LAX_DTLA
1210.9069383870037,LAX_DTLA
1224.0129233523255,LAX_DTLA
1225.752351576271,LAX_DTLA
1229.340108923696,LAX_DTLA
1231.077079482585,LAX_DTLA
1234.084668739317,LAX_DTLA
1235.8904866171235,LAX_DTLA
1239.3661169793963,LAX_DTLA
1242.206166038446,LAX_DTLA
1244.7890306959973,LAX_DTLA
1248.027344311057,LAX_DTLA
1252.9852889383983,LAX_DTLA
1254.4914260460903,LAX_DTLA
1257.0174233359767,LAX_DTLA
1257.9569523170128,LAX_DTLA
1260.5922297058473,LAX_DTLA
1261.8338862108787,LAX_DTLA
1262.3654096372065,LAX_DTLA
1263.716809897198,LAX_DTLA
1264.3042150290548,LAX_DTLA
1267.6552012116147,LAX_DTLA
1269.7872772360704,LAX_DTLA
1271.296423844652,LAX_DTLA
1272.3691644041814,LAX_DTLA
1273.3428627046164,LAX_DTLA
1278.2809959378012,LAX_DTLA
1281.240352644644,LAX_DTLA
1282.2524509746738,LAX_DTLA
1285.8391290153647,LAX_DTLA
1288.5111063400104,LAX_DTLA
1289.1268204163575,LAX_DTLA
1290.1896311780408,LAX_DTLA
1291.4583438923346,LAX_DTLA
1293.5828360922744,LAX_DTLA
1295.7237909388919,LAX_DTLA
1299.2803179231591,LAX_DTLA
1300.7180237902182,LAX_DTLA
1305.8778209920395,LAX_DTLA
1306.5832825239984,LAX_DTLA
1309.372835936228,LAX_DTLA
1311.1145255947472,LAX_DTLA
1316.321624594608,LAX_DTLA
1319.7797157735436,LAX_DTLA
1323.0304872634565,LAX_DTLA
1325.6777181735317,LAX_DTLA
1327.527970119397,LAX_DTLA
1328.1779387871902,LAX_DTLA
1330.4932931883886,LAX_DTLA
1333.0669888864986,LAX_DTLA
1335.9812341443926,LAX_DTLA
1338.0998045883969,LAX_DTLA
1339.73407293464,LAX_DTLA
1343.3413465270855,LAX_DTLA
1345.044686256802,LAX_DTLA
1345.826711592168,LAX_DTLA
1346.6577826101343,LAX_DTLA
1349.6053956300066,LAX_DTLA
1351.2401656048228,LAX_DTLA
1355.3288229344248,LAX_DTLA
1356.948757956564,LAX_DTLA
1358.4044460079333,LAX_DTLA
1359.606236389573,LAX_DTLA
1360.6424505760363,LAX_DTLA
1364.599165960128,LAX_DTLA
1366.9768189196311,LAX_DTLA
1374.4901150664239,LAX_DTLA
1375.708699695227,LAX_DTLA
1378.9288549090718,LAX_DTLA
1384.5131667455519,LAX_DTLA
1387.3543705035668,LAX_DTLA
1392.6634527654614,LAX_DTLA
1394.1675732381816,LAX_DTLA
1399.350982546207,LAX_DTLA
1408.1193673220503,LAX_DTLA
1411.623258912917,LAX_DTLA
1414.7256591116898,LAX_DTLA
1417.0856179690575,LAX_DTLA
1417.6945114520602,LAX_DTLA
1418.8432436449268,LAX_DTLA
1421.6590693827939,LAX_DTLA
1423.5400846038356,LAX_DTLA
1427.6695415749082,LAX_DTLA
1431.5664248532792,LAX_DTLA
1435.8348565611157,LAX_DTLA
1437.240532023497,LAX_DTLA
1438.9838118903504,LAX_DTLA
13.048993671760726,DTLA_LAX
31.68600123231721,DTLA_LAX
55.50011347888659,DTLA_LAX
66.00871198482372,DTLA_LAX
113.34279625026468,DTLA_LAX
137.25365080225214,DTLA_LAX
144.0083714370959,DTLA_LAX
150.13456391270904,DTLA_LAX
163.096043870746,DTLA_LAX
175.33942408618444,DTLA_LAX
182.5629722014896,DTLA_LAX
190.4744751186013,DTLA_LAX
201.17110994756968,DTLA_LAX
206.99976730959986,DTLA_LAX
211.82255756084643,DTLA_LAX
213.18718651108603,DTLA_LAX
217.35442967954165,DTLA_LAX
219.60502050824718,DTLA_LAX
226.05229595907926,DTLA_LAX
228.35374448025595,DTLA_LAX
229.75367444085856,DTLA_LAX
233.51029919266728,DTLA_LAX
236.31044592972646,DTLA_LAX
239.27015989398836,DTLA_LAX
243.1851250606947,DTLA_LAX
245.4370325023915,DTLA_LAX
250.46682211925983,DTLA_LAX
252.94697814910248,DTLA_LAX
254.6231097857339,DTLA_LAX
255.42645104311907,DTLA_LAX
258.1226038770212,DTLA_LAX
260.7231894655748,DTLA_LAX
262.96100060068244,DTLA_LAX
266.2771403576295,DTLA_LAX
268.7122070158124,DTLA_LAX
270.4079842872409,DTLA_LAX
271.8880286396014,DTLA_LAX
274.3664988824544,DTLA_LAX
276.5467761596833,DTLA_LAX
279.26868507079183,DTLA_LAX
279.41854630885734,DTLA_LAX
281.6119648008189,DTLA_LAX
285.631054481689,DTLA_LAX
287.6640596925839,DTLA_LAX
287.98790279082334,DTLA_LAX
288.8421588979946,DTLA_LAX
293.05183941359894,DTLA_LAX
294.1259274704135,DTLA_LAX
296.3374345480108,DTLA_LAX
301.7161758488487,DTLA_LAX
304.5554608325061,DTLA_LAX
306.86882257531215,DTLA_LAX
309.32179061666386,DTLA_LAX
310.79896204926877,DTLA_LAX
312.02603867130745,DTLA_LAX
313.71769531144326,DTLA_LAX
317.717844701686,DTLA_LAX
319.83164283377675,DTLA_LAX
321.0582500572562,DTLA_LAX
323.0520286077344,DTLA_LAX
324.36924473516365,DTLA_LAX
325.55518627421213,DTLA_LAX
326.396585889311,DTLA_LAX
328.8457617351435,DTLA_LAX
331.926031533201,DTLA_LAX
334.49083859381994,DTLA_LAX
337.78297320031925,DTLA_LAX
339.9697484095873,DTLA_LAX
340.74244224695576,DTLA_LAX
343.5753466056081,DTLA_LAX
345.94975338291067,DTLA_LAX
348.5783562353475,DTLA_LAX
349.1895847427327,DTLA_LAX
352.31585774112705,DTLA_LAX
353.3182960684961,DTLA_LAX
354.49571151793117,DTLA_LAX
356.6820611045567,DTLA_LAX
358.63991726016013,DTLA_LAX
360.06811166797354,DTLA_LAX
362.12240569616074,DTLA_LAX
363.4898697050287,DTLA_LAX
364.4124111808669,DTLA_LAX
366.79724208457236,DTLA_LAX
368.02331381128363,DTLA_LAX
370.4559739586905,DTLA_LAX
370.90525791489756,DTLA_LAX
372.41271642717203,DTLA_LAX
373.63372149800193,DTLA_LAX
376.14060297041067,DTLA_LAX
378.0994436717173,DTLA_LAX
380.628305891229,DTLA_LAX
382.55170857309383,DTLA_LAX
385.2841253420988,DTLA_LAX
387.3464743450669,DTLA_LAX
388.3741126702958,DTLA_LAX
389.6822039629602,DTLA_LAX
391.16456939720024,DTLA_LAX
393.40091390812285,DTLA_LAX
396.212721142978,DTLA_LAX
398.42920782487596,DTLA_LAX
399.57505588085326,DTLA_LAX
402.630914155287,DTLA_LAX
404.59642091264413,DTLA_LAX
406.96258874952093,DTLA_LAX
408.84217285334466,DTLA_LAX
411.44490723688597,DTLA_LAX
414.6505725703128,DTLA_LAX
417.1200410210738,DTLA_LAX
418.73595992609296,DTLA_LAX
420.194379606681,DTLA_LAX
421.6693053100157,DTLA_LAX
423.6180513868211,DTLA_LAX
425.1047078195268,DTLA_LAX
427.11847477032313,DTLA_LAX
431.06759477385344,DTLA_LAX
435.47319870786043,DTLA_LAX
436.84806408498093,DTLA_LAX
440.14302232524534,DTLA_LAX
443.13498130510914,DTLA_LAX
446.03648162745606,DTLA_LAX
446.5357221603281,DTLA_LAX
447.61573259421635,DTLA_LAX
449.7802598117031,DTLA_LAX
453.2961084858709,DTLA_LAX
455.88660162571625,DTLA_LAX
457.03682626919954,DTLA_LAX
457.94812846659977,DTLA_LAX
459.8748286657596,DTLA_LAX
460.6366362354028,DTLA_LAX
461.6466696372982,DTLA_LAX
462.8985988285979,DTLA_LAX
463.77546969708135,DTLA_LAX
465.3746726322361,DTLA_LAX
467.47607943189826,DTLA_LAX
469.94210563812493,DTLA_LAX
475.54855428918074,DTLA_LAX
476.87193160942246,DTLA_LAX
478.5047778930036,DTLA_LAX
480.19951641130626,DTLA_LAX
482.0697045010652,DTLA_LAX
483.172800637251,DTLA_LAX
484.82737181889553,DTLA_LAX
485.4721121742047,DTLA_LAX
487.4712113434742,DTLA_LAX
490.5191969924206,DTLA_LAX
493.016961730464,DTLA_LAX
494.3900843575083,DTLA_LAX
495.146797568858,DTLA_LAX
496.25234785432997,DTLA_LAX
499.7832790116687,DTLA_LAX
501.9511976987037,DTLA_LAX
502.6139464508394,DTLA_LAX
503.09528248288177,DTLA_LAX
504.22223057272583,DTLA_LAX
506.5849501926192,DTLA_LAX
507.26701090670247,DTLA_LAX
510.4301539963203,DTLA_LAX
511.1886864109559,DTLA_LAX
513.9799048242329,DTLA_LAX
516.8411646825797,DTLA_LAX
517.656909398004,DTLA_LAX
518.8347820545109,DTLA_LAX
519.5663436046373,DTLA_LAX
522.8781737781826,DTLA_LAX
525.9034462319858,DTLA_LAX
527.5524268873867,DTLA_LAX
530.3321246922212,DTLA_LAX
531.8567243599641,DTLA_LAX
532.80883259835,DTLA_LAX
536.6248655114556,DTLA_LAX
536.8779519452487,DTLA_LAX
540.8010257484619,DTLA_LAX
542.3674719401362,DTLA_LAX
546.2321212319706,DTLA_LAX
548.281293119835,DTLA_LAX
551.3300455650749,DTLA_LAX
554.4891794672939,DTLA_LAX
555.1275033474161,DTLA_LAX
557.7407250250228,DTLA_LAX
560.5659964685093,DTLA_LAX
562.2759125272946,DTLA_LAX
564.120780774673,DTLA_LAX
565.8032296485632,DTLA_LAX
567.2565956395289,DTLA_LAX
570.4214329941619,DTLA_LAX
573.4579307824255,DTLA_LAX
576.250772813398,DTLA_LAX
576.7003673244647,DTLA_LAX
578.4650492794448,DTLA_LAX
580.2248420973322,DTLA_LAX
581.6246772650335,DTLA_LAX
583.3659759434523,DTLA_LAX
584.0345926064017,DTLA_LAX
585.169079545147,DTLA_LAX
586.454088089039,DTLA_LAX
587.2376111256194,DTLA_LAX
588.1713141762132,DTLA_LAX
590.1338439689384,DTLA_LAX
593.5528652850363,DTLA_LAX
594.2869890875792,DTLA_LAX
595.1715959835386,DTLA_LAX
596.0708793573027,DTLA_LAX
597.0695322896748,DTLA_LAX
599.3689930081408,DTLA_LAX
600.781752470067,DTLA_LAX
602.8063109762047,DTLA_LAX
605.4830651656235,DTLA_LAX
608.1317006422015,DTLA_LAX
610.030407315953,DTLA_LAX
612.3279545618386,DTLA_LAX
616.6032456506969,DTLA_LAX
621.802307032099,DTLA_LAX
625.1283956770586,DTLA_LAX
627.1012962010849,DTLA_LAX
629.1790816270554,DTLA_LAX
630.8480607185879,DTLA_LAX
633.3515932217165,DTLA_LAX
637.0141722985043,DTLA_LAX
638.9456800888456,DTLA_LAX
644.1211213936282,DTLA_LAX
647.2030657281584,DTLA_LAX
650.3764770321251,DTLA_LAX
654.8495493968568,DTLA_LAX
655.3288875791009,DTLA_LAX
657.7795904435676,DTLA_LAX
659.5203724867347,DTLA_LAX
661.7801477587927,DTLA_LAX
664.1259984755482,DTLA_LAX
666.1132301688384,DTLA_LAX
668.7023514377904,DTLA_LAX
671.1792585857204,DTLA_LAX
672.1410649696724,DTLA_LAX
675.3028376660409,DTLA_LAX
679.0175322094095,DTLA_LAX
680.1484040615169,DTLA_LAX
683.2331198719642,DTLA_LAX
685.9387037270486,DTLA_LAX
687.5965216786481,DTLA_LAX
691.9071140932828,DTLA_LAX
697.2492856515777,DTLA_LAX
703.6358244998419,DTLA_LAX
708.9456282052527,DTLA_LAX
712.9939700656523,DTLA_LAX
714.9233346201368,DTLA_LAX
717.477955448373,DTLA_LAX
722.219426977156,DTLA_LAX
726.0273123429104,DTLA_LAX
727.443579898779,DTLA_LAX
728.8785279698678,DTLA_LAX
729.7778080122649,DTLA_LAX
731.2745876806114,DTLA_LAX
734.3879400439727,DTLA_LAX
736.3681735909928,DTLA_LAX
738.4185160293249,DTLA_LAX
744.5226144194289,DTLA_LAX
747.078173469027,DTLA_LAX
750.0191733348058,DTLA_LAX
753.4939660207309,DTLA_LAX
754.8319187755797,DTLA_LAX
756.5714134181112,DTLA_LAX
760.7558786362754,DTLA_LAX
765.8630629919364,DTLA_LAX
769.1519181389876,DTLA_LAX
771.938584840433,DTLA_LAX
773.0912431301302,DTLA_LAX
776.2226276424507,DTLA_LAX
778.5322092701908,DTLA_LAX
780.6537044067536,DTLA_LAX
781.4561664128619,DTLA_LAX
783.9738538774902,DTLA_LAX
785.5236554720024,DTLA_LAX
787.0183037584434,DTLA_LAX
789.8879511415457,DTLA_LAX
791.1087903895368,DTLA_LAX
794.126187455252,DTLA_LAX
796.1204820606123,DTLA_LAX
799.6811276568196,DTLA_LAX
800.4429838756496,DTLA_LAX
805.5829348018834,DTLA_LAX
809.4141875239494,DTLA_LAX
811.584423991381,DTLA_LAX
813.621251067184,DTLA_LAX
817.3875281029497,DTLA_LAX
818.3204828222024,DTLA_LAX
823.2369995301274,DTLA_LAX
826.2106352433377,DTLA_LAX
828.6047027701874,DTLA_LAX
831.5240556770103,DTLA_LAX
834.0141538875912,DTLA_LAX
838.2328050938764,DTLA_LAX
840.6897676472273,DTLA_LAX
842.4621520720268,DTLA_LAX
846.1211238208061,DTLA_LAX
849.4502795725505,DTLA_LAX
851.0722168447112,DTLA_LAX
853.900932948896,DTLA_LAX
859.0326775838823,DTLA_LAX
860.6417632557016,DTLA_LAX
863.8941316705439,DTLA_LAX
866.2212128090131,DTLA_LAX
869.0888491145829,DTLA_LAX
870.1625384387528,DTLA_LAX
871.4550905643025,DTLA_LAX
873.114673618625,DTLA_LAX
874.4975033077665,DTLA_LAX
878.5791193475094,DTLA_LAX
880.4411590152483,DTLA_LAX
885.2360182889429,DTLA_LAX
888.1125044032192,DTLA_LAX
892.0785125347588,DTLA_LAX
894.5612150144025,DTLA_LAX
897.6729145143955,DTLA_LAX
900.221622685742,DTLA_LAX
902.3778206610905,DTLA_LAX
904.1175179021006,DTLA_LAX
907.0282583692413,DTLA_LAX
909.6561080474322,DTLA_LAX
910.6002665323717,DTLA_LAX
912.7053176162533,DTLA_LAX
917.6121721977412,DTLA_LAX
920.014610670002,DTLA_LAX
921.6887826160247,DTLA_LAX
923.7413334100104,DTLA_LAX
927.7762973121494,DTLA_LAX
931.7907880687087,DTLA_LAX
934.4448214003623,DTLA_LAX
938.068224220699,DTLA_LAX
939.4815621053305,DTLA_LAX
942.0155376227117,DTLA_LAX
944.1485185422137,DTLA_LAX
945.71994040493,DTLA_LAX
947.7584930076423,DTLA_LAX
951.6395306459607,DTLA_LAX
954.294181796437,DTLA_LAX
957.9940346737344,DTLA_LAX
960.2906639623411,DTLA_LAX
963.4519185072909,DTLA_LAX
966.9515107514856,DTLA_LAX
970.805422680747,DTLA_LAX
974.3193624493612,DTLA_LAX
975.2690179084848,DTLA_LAX
977.7072606620727,DTLA_LAX
979.1911379473582,DTLA_LAX
982.9810016236393,DTLA_LAX
984.3842314211175,DTLA_LAX
986.0598640686317,DTLA_LAX
988.9315447418401,DTLA_LAX
991.5396201001801,DTLA_LAX
993.5661931005543,DTLA_LAX
995.8871285127974,DTLA_LAX
999.5890272005306,DTLA_LAX
1002.8862852673706,DTLA_LAX
1004.1311633212619,DTLA_LAX
1006.2875598766725,DTLA_LAX
1008.3567384986889,DTLA_LAX
1012.7142897453899,DTLA_LAX
1014.9006990042413,DTLA_LAX
1019.8542418693432,DTLA_LAX
1022.7215837457372,DTLA_LAX
1024.7486206388517,DTLA_LAX
1034.6056303435043,DTLA_LAX
1038.6466590941673,DTLA_LAX
1044.0536066431423,DTLA_LAX
1052.6669582674797,DTLA_LAX
1058.0013068020262,DTLA_LAX
1061.7351018983277,DTLA_LAX
1066.5819215142737,DTLA_LAX
1069.3979956037538,DTLA_LAX
1070.3621599529465,DTLA_LAX
1076.2933541968557,DTLA_LAX
1080.1176332994262,DTLA_LAX
1085.323629192621,DTLA_LAX
1091.525742227721,DTLA_LAX
1095.385259667388,DTLA_LAX
1101.0940020405799,DTLA_LAX
1110.342849278446,DTLA_LAX
1115.9062308986584,DTLA_LAX
1118.5914905751547,DTLA_LAX
1124.046653459764,DTLA_LAX
1129.1042351760736,DTLA_LAX
1138.5330396792358,DTLA_LAX
1142.598904005559,DTLA_LAX
1149.6681330276942,DTLA_LAX
1152.7006279416591,DTLA_LAX
1155.4456393852536,DTLA_LAX
1157.5377978010315,DTLA_LAX
1160.312990189488,DTLA_LAX
1166.0119916087929,DTLA_LAX
1167.88025054765,DTLA_LAX
1173.3708019700039,DTLA_LAX
1175.350639555977,DTLA_LAX
1180.1465626306983,DTLA_LAX
1182.1575938649153,DTLA_LAX
1184.9496093531634,DTLA_LAX
1190.8768121159978,DTLA_LAX
1194.4175721145066,DTLA_LAX
1197.8301956445184,DTLA_LAX
1202.357786724317,DTLA_LAX
1208.968815387916,DTLA_LAX
1212.1577800080545,DTLA_LAX
1217.8309312401075,DTLA_LAX
1220.6483658883853,DTLA_LAX
1223.138930899377,DTLA_LAX
1225.9167774173425,DTLA_LAX
1230.088576318877,DTLA_LAX
1232.6456028529235,DTLA_LAX
1233.7413214077098,DTLA_LAX
1236.235379473777,DTLA_LAX
1239.6930585436387,DTLA_LAX
1243.0762457404494,DTLA_LAX
1247.0398644381983,DTLA_LAX
1248.6918137462908,DTLA_LAX
1250.4485057937773,DTLA_LAX
1254.7095111704102,DTLA_LAX
1257.3631158441926,DTLA_LAX
1262.69893247938,DTLA_LAX
1270.6976925939189,DTLA_LAX
1272.154921138514,DTLA_LAX
1276.354189824228,DTLA_LAX
1279.3304461603411,DTLA_LAX
1282.0361937943642,DTLA_LAX
1284.0380714017379,DTLA_LAX
1286.5682270545237,DTLA_LAX
1291.0384224120162,DTLA_LAX
1297.7330605902705,DTLA_LAX
1299.7224677277402,DTLA_LAX
1305.1752297163912,DTLA_LAX
1306.4753498494056,DTLA_LAX
1308.2861363560232,DTLA_LAX
1313.457514863407,DTLA_LAX
1321.492101780983,DTLA_LAX
1328.8028453363213,DTLA_LAX
1334.4014971054357,DTLA_LAX
1335.6924256804612,DTLA_LAX
1342.9067087342835,DTLA_LAX
1351.9076041070414,DTLA_LAX
1354.000818489071,DTLA_LAX
1361.1465784656664,DTLA_LAX
1363.438348986735,DTLA_LAX
1367.667502374523,DTLA_LAX
1373.4541701072687,DTLA_LAX
1378.4829879375309,DTLA_LAX
1383.0852780270309,DTLA_LAX
1387.9671400621962,DTLA_LAX
1393.644705047378,DTLA_LAX
1398.800276284027,DTLA_LAX
1407.5744256186517,DTLA_LAX
1414.7342718431923,DTLA_LAX
1425.104514642014,DTLA_LAX
1434.2884902523422,DTLA_LAX
1440.0,DTLA_LAX
