passenger_id,passenger_arrival_time,origin_vertiport_id,destination_vertiport_id
0,177.0,DTLA,LAX
1,660.0,DTLA,LAX
2,1183.0,HWD,LAX
3,1540.0,DTLA,LAX
4,2034.0,ANH,LAX
5,2164.0,LGB,LAX
6,2442.0,LGB,LAX
7,2916.0,ANH,LAX
8,3126.0,ANH,LAX
9,3213.0,HWD,LAX
10,3899.0,DTLA,LAX
11,4159.0,ANH,LAX
12,4651.0,DTLA,LAX
13,5637.0,DTLA,LAX
14,6361.0,LGB,LAX
15,7019.0,LGB,LAX
16,7602.0,DTLA,LAX
17,8362.0,DTLA,LAX
18,8479.0,DTLA,LAX
19,8989.0,DTLA,LAX
20,9397.0,LGB,LAX
21,9434.0,ANH,LAX
22,9436.0,HWD,LAX
23,9498.0,HWD,LAX
24,9785.0,LGB,LAX
25,9856.0,HWD,LAX
26,9930.0,HWD,LAX
27,10130.0,HWD,LAX
28,10157.0,HWD,LAX
29,10900.0,ANH,LAX
30,11085.0,DTLA,LAX
31,11095.0,HWD,LAX
32,11221.0,ANH,LAX
33,11237.0,ANH,LAX
34,11478.0,LGB,LAX
35,11538.0,LGB,LAX
36,11666.0,DTLA,LAX
37,11693.0,DTLA,LAX
38,11797.0,ANH,LAX
39,11876.0,DTLA,LAX
40,11895.0,HWD,LAX
41,11981.0,DTLA,LAX
42,12043.0,DTLA,LAX
43,12120.0,LGB,LAX
44,12126.0,DTLA,LAX
45,12130.0,ANH,LAX
46,12161.0,ANH,LAX
47,12260.0,ANH,LAX
48,12260.0,HWD,LAX
49,12284.0,DTLA,LAX
50,12362.0,DTLA,LAX
51,12380.0,DTLA,LAX
52,12448.0,ANH,LAX
53,12451.0,DTLA,LAX
54,12585.0,ANH,LAX
55,12597.0,HWD,LAX
56,12623.0,ANH,LAX
57,12748.0,DTLA,LAX
58,12758.0,ANH,LAX
59,12793.0,ANH,LAX
60,12858.0,ANH,LAX
61,12869.0,HWD,LAX
62,12906.0,LGB,LAX
63,12932.0,LGB,LAX
64,13019.0,LGB,LAX
65,13045.0,DTLA,LAX
66,13070.0,HWD,LAX
67,13090.0,HWD,LAX
68,13127.0,DTLA,LAX
69,13245.0,ANH,LAX
70,13302.0,ANH,LAX
71,13385.0,DTLA,LAX
72,13407.0,LGB,LAX
73,13455.0,DTLA,LAX
74,13630.0,DTLA,LAX
75,13679.0,ANH,LAX
76,13682.0,DTLA,LAX
77,13704.0,DTLA,LAX
78,13754.0,HWD,LAX
79,13831.0,LGB,LAX
80,13854.0,HWD,LAX
81,13863.0,LGB,LAX
82,13865.0,DTLA,LAX
83,13872.0,HWD,LAX
84,13878.0,LGB,LAX
85,13938.0,LGB,LAX
86,13982.0,ANH,LAX
87,13987.0,ANH,LAX
88,14028.0,DTLA,LAX
89,14032.0,HWD,LAX
90,14044.0,LGB,LAX
91,14056.0,ANH,LAX
92,14175.0,DTLA,LAX
93,14187.0,DTLA,LAX
94,14187.0,HWD,LAX
95,14201.0,DTLA,LAX
96,14207.0,HWD,LAX
97,14223.0,DTLA,LAX
98,14260.0,DTLA,LAX
99,14265.0,ANH,LAX
100,14292.0,LGB,LAX
101,14299.0,HWD,LAX
102,14301.0,DTLA,LAX
103,14360.0,HWD,LAX
104,14373.0,HWD,LAX
105,14419.0,DTLA,LAX
106,14444.0,HWD,LAX
107,14446.0,HWD,LAX
108,14455.0,DTLA,LAX
109,14484.0,HWD,LAX
110,14515.0,DTLA,LAX
111,14525.0,LGB,LAX
112,14533.0,DTLA,LAX
113,14652.0,DTLA,LAX
114,14683.0,DTLA,LAX
115,14764.0,HWD,LAX
116,14777.0,LGB,LAX
117,14798.0,ANH,LAX
118,14816.0,DTLA,LAX
119,14826.0,DTLA,LAX
120,14847.0,DTLA,LAX
121,14885.0,LGB,LAX
122,14893.0,LGB,LAX
123,14909.0,LGB,LAX
124,14928.0,ANH,LAX
125,14941.0,LGB,LAX
126,14988.0,DTLA,LAX
127,15050.0,DTLA,LAX
128,15059.0,DTLA,LAX
129,15113.0,LGB,LAX
130,15114.0,ANH,LAX
131,15140.0,HWD,LAX
132,15143.0,ANH,LAX
133,15145.0,DTLA,LAX
134,15174.0,ANH,LAX
135,15186.0,DTLA,LAX
136,15258.0,LGB,LAX
137,15303.0,LGB,LAX
138,15336.0,DTLA,LAX
139,15348.0,ANH,LAX
140,15370.0,ANH,LAX
141,15389.0,DTLA,LAX
142,15398.0,DTLA,LAX
143,15399.0,DTLA,LAX
144,15426.0,DTLA,LAX
145,15466.0,HWD,LAX
146,15522.0,HWD,LAX
147,15532.0,DTLA,LAX
148,15535.0,LGB,LAX
149,15557.0,LGB,LAX
150,15559.0,ANH,LAX
151,15571.0,ANH,LAX
152,15586.0,ANH,LAX
153,15587.0,LGB,LAX
154,15597.0,HWD,LAX
155,15645.0,DTLA,LAX
156,15728.0,ANH,LAX
157,15732.0,HWD,LAX
158,15751.0,ANH,LAX
159,15752.0,ANH,LAX
160,15764.0,DTLA,LAX
161,15804.0,ANH,LAX
162,15859.0,LGB,LAX
163,15884.0,DTLA,LAX
164,15884.0,LGB,LAX
165,15888.0,DTLA,LAX
166,15894.0,ANH,LAX
167,15936.0,ANH,LAX
168,15944.0,ANH,LAX
169,15954.0,LGB,LAX
170,15957.0,HWD,LAX
171,15980.0,DTLA,LAX
172,15992.0,ANH,LAX
173,15995.0,LGB,LAX
174,16004.0,DTLA,LAX
175,16004.0,HWD,LAX
176,16053.0,DTLA,LAX
177,16066.0,DTLA,LAX
178,16088.0,ANH,LAX
179,16091.0,ANH,LAX
180,16118.0,LGB,LAX
181,16120.0,DTLA,LAX
182,16123.0,LGB,LAX
183,16123.0,DTLA,LAX
184,16144.0,ANH,LAX
185,16159.0,DTLA,LAX
186,16204.0,DTLA,LAX
187,16261.0,ANH,LAX
188,16289.0,ANH,LAX
189,16294.0,ANH,LAX
190,16300.0,DTLA,LAX
191,16331.0,LGB,LAX
192,16432.0,LGB,LAX
193,16436.0,HWD,LAX
194,16446.0,DTLA,LAX
195,16447.0,ANH,LAX
196,16453.0,ANH,LAX
197,16508.0,DTLA,LAX
198,16561.0,HWD,LAX
199,16564.0,HWD,LAX
200,16569.0,LGB,LAX
201,16582.0,ANH,LAX
202,16594.0,LGB,LAX
203,16653.0,DTLA,LAX
204,16667.0,DTLA,LAX
205,16675.0,ANH,LAX
206,16690.0,DTLA,LAX
207,16712.0,LGB,LAX
208,16724.0,DTLA,LAX
209,16755.0,ANH,LAX
210,16798.0,DTLA,LAX
211,16799.0,DTLA,LAX
212,16814.0,ANH,LAX
213,16839.0,DTLA,LAX
214,16876.0,ANH,LAX
215,16895.0,ANH,LAX
216,16905.0,ANH,LAX
217,16917.0,ANH,LAX
218,16922.0,HWD,LAX
219,16949.0,HWD,LAX
220,16953.0,DTLA,LAX
221,16969.0,DTLA,LAX
222,16984.0,HWD,LAX
223,17001.0,HWD,LAX
224,17006.0,DTLA,LAX
225,17015.0,DTLA,LAX
226,17017.0,HWD,LAX
227,17032.0,ANH,LAX
228,17097.0,DTLA,LAX
229,17147.0,ANH,LAX
230,17149.0,HWD,LAX
231,17177.0,DTLA,LAX
232,17182.0,ANH,LAX
233,17216.0,ANH,LAX
234,17233.0,ANH,LAX
235,17266.0,ANH,LAX
236,17281.0,DTLA,LAX
237,17283.0,DTLA,LAX
238,17338.0,DTLA,LAX
239,17353.0,LGB,LAX
240,17384.0,HWD,LAX
241,17394.0,ANH,LAX
242,17397.0,ANH,LAX
243,17404.0,ANH,LAX
244,17448.0,HWD,LAX
245,17458.0,DTLA,LAX
246,17540.0,LGB,LAX
247,17544.0,LGB,LAX
248,17614.0,DTLA,LAX
249,17615.0,LGB,LAX
250,17639.0,ANH,LAX
251,17640.0,HWD,LAX
252,17648.0,ANH,LAX
253,17678.0,HWD,LAX
254,17687.0,LGB,LAX
255,17706.0,LGB,LAX
256,17708.0,ANH,LAX
257,17710.0,ANH,LAX
258,17737.0,DTLA,LAX
259,17740.0,DTLA,LAX
260,17740.0,LGB,LAX
261,17771.0,HWD,LAX
262,17775.0,HWD,LAX
263,17788.0,DTLA,LAX
264,17799.0,ANH,LAX
265,17815.0,ANH,LAX
266,17829.0,DTLA,LAX
267,17899.0,DTLA,LAX
268,17915.0,HWD,LAX
269,17922.0,DTLA,LAX
270,17964.0,HWD,LAX
271,17968.0,DTLA,LAX
272,18010.0,DTLA,LAX
273,18045.0,DTLA,LAX
274,18046.0,DTLA,LAX
275,18063.0,ANH,LAX
276,18070.0,LGB,LAX
277,18083.0,DTLA,LAX
278,18089.0,LGB,LAX
279,18129.0,HWD,LAX
280,18131.0,HWD,LAX
281,18142.0,LGB,LAX
282,18164.0,ANH,LAX
283,18174.0,DTLA,LAX
284,18179.0,DTLA,LAX
285,18190.0,LGB,LAX
286,18246.0,ANH,LAX
287,18249.0,HWD,LAX
288,18267.0,DTLA,LAX
289,18267.0,LGB,LAX
290,18270.0,ANH,LAX
291,18285.0,ANH,LAX
292,18288.0,ANH,LAX
293,18374.0,ANH,LAX
294,18392.0,HWD,LAX
295,18424.0,DTLA,LAX
296,18460.0,DTLA,LAX
297,18483.0,HWD,LAX
298,18528.0,ANH,LAX
299,18537.0,ANH,LAX
300,18538.0,ANH,LAX
301,18561.0,DTLA,LAX
302,18566.0,DTLA,LAX
303,18588.0,DTLA,LAX
304,18597.0,ANH,LAX
305,18600.0,HWD,LAX
306,18622.0,HWD,LAX
307,18699.0,ANH,LAX
308,18778.0,HWD,LAX
309,18784.0,DTLA,LAX
310,18808.0,ANH,LAX
311,18830.0,DTLA,LAX
312,18830.0,HWD,LAX
313,18834.0,HWD,LAX
314,18851.0,ANH,LAX
315,18855.0,HWD,LAX
316,18876.0,ANH,LAX
317,18882.0,DTLA,LAX
318,18896.0,ANH,LAX
319,18924.0,DTLA,LAX
320,18928.0,HWD,LAX
321,18934.0,ANH,LAX
322,18973.0,ANH,LAX
323,18996.0,ANH,LAX
324,19003.0,LGB,LAX
325,19031.0,DTLA,LAX
326,19043.0,DTLA,LAX
327,19050.0,ANH,LAX
328,19071.0,DTLA,LAX
329,19092.0,DTLA,LAX
330,19092.0,ANH,LAX
331,19141.0,DTLA,LAX
332,19170.0,DTLA,LAX
333,19175.0,HWD,LAX
334,19183.0,HWD,LAX
335,19193.0,ANH,LAX
336,19243.0,ANH,LAX
337,19262.0,DTLA,LAX
338,19270.0,DTLA,LAX
339,19273.0,ANH,LAX
340,19280.0,LGB,LAX
341,19316.0,HWD,LAX
342,19350.0,ANH,LAX
343,19374.0,LGB,LAX
344,19418.0,ANH,LAX
345,19426.0,DTLA,LAX
346,19427.0,ANH,LAX
347,19428.0,ANH,LAX
348,19431.0,DTLA,LAX
349,19433.0,DTLA,LAX
350,19437.0,DTLA,LAX
351,19516.0,HWD,LAX
352,19516.0,DTLA,LAX
353,19554.0,LGB,LAX
354,19568.0,ANH,LAX
355,19642.0,LGB,LAX
356,19656.0,ANH,LAX
357,19689.0,ANH,LAX
358,19704.0,DTLA,LAX
359,19710.0,DTLA,LAX
360,19722.0,DTLA,LAX
361,19734.0,ANH,LAX
362,19738.0,LGB,LAX
363,19739.0,DTLA,LAX
364,19740.0,LGB,LAX
365,19754.0,ANH,LAX
366,19779.0,ANH,LAX
367,19821.0,LGB,LAX
368,19829.0,LGB,LAX
369,19858.0,LGB,LAX
370,19868.0,DTLA,LAX
371,19888.0,ANH,LAX
372,19907.0,LGB,LAX
373,19950.0,HWD,LAX
374,19971.0,LGB,LAX
375,19988.0,HWD,LAX
376,19993.0,DTLA,LAX
377,19997.0,ANH,LAX
378,20010.0,ANH,LAX
379,20053.0,ANH,LAX
380,20055.0,DTLA,LAX
381,20127.0,ANH,LAX
382,20164.0,HWD,LAX
383,20174.0,ANH,LAX
384,20185.0,DTLA,LAX
385,20195.0,DTLA,LAX
386,20205.0,DTLA,LAX
387,20205.0,HWD,LAX
388,20211.0,HWD,LAX
389,20217.0,DTLA,LAX
390,20230.0,ANH,LAX
391,20239.0,HWD,LAX
392,20263.0,ANH,LAX
393,20268.0,DTLA,LAX
394,20279.0,LGB,LAX
395,20311.0,DTLA,LAX
396,20312.0,DTLA,LAX
397,20317.0,HWD,LAX
398,20335.0,LGB,LAX
399,20364.0,HWD,LAX
400,20369.0,HWD,LAX
401,20375.0,ANH,LAX
402,20378.0,DTLA,LAX
403,20383.0,LGB,LAX
404,20435.0,DTLA,LAX
405,20457.0,ANH,LAX
406,20541.0,DTLA,LAX
407,20545.0,DTLA,LAX
408,20546.0,DTLA,LAX
409,20546.0,DTLA,LAX
410,20551.0,ANH,LAX
411,20586.0,DTLA,LAX
412,20599.0,LGB,LAX
413,20604.0,ANH,LAX
414,20605.0,HWD,LAX
415,20717.0,ANH,LAX
416,20730.0,ANH,LAX
417,20746.0,ANH,LAX
418,20767.0,ANH,LAX
419,20801.0,LGB,LAX
420,20804.0,HWD,LAX
421,20821.0,HWD,LAX
422,20826.0,ANH,LAX
423,20885.0,DTLA,LAX
424,20895.0,DTLA,LAX
425,20908.0,ANH,LAX
426,20914.0,DTLA,LAX
427,20918.0,DTLA,LAX
428,20921.0,DTLA,LAX
429,20937.0,DTLA,LAX
430,20939.0,DTLA,LAX
431,20961.0,DTLA,LAX
432,21018.0,ANH,LAX
433,21019.0,ANH,LAX
434,21029.0,ANH,LAX
435,21059.0,LGB,LAX
436,21091.0,ANH,LAX
437,21100.0,HWD,LAX
438,21101.0,ANH,LAX
439,21147.0,ANH,LAX
440,21165.0,ANH,LAX
441,21213.0,LGB,LAX
442,21235.0,DTLA,LAX
443,21261.0,LGB,LAX
444,21267.0,ANH,LAX
445,21308.0,ANH,LAX
446,21363.0,ANH,LAX
447,21377.0,HWD,LAX
448,21377.0,ANH,LAX
449,21403.0,ANH,LAX
450,21416.0,DTLA,LAX
451,21416.0,ANH,LAX
452,21476.0,DTLA,LAX
453,21483.0,HWD,LAX
454,21487.0,LGB,LAX
455,21488.0,ANH,LAX
456,21488.0,DTLA,LAX
457,21488.0,DTLA,LAX
458,21506.0,DTLA,LAX
459,21527.0,LGB,LAX
460,21540.0,ANH,LAX
461,21574.0,ANH,LAX
462,21612.0,LGB,LAX
463,21619.0,DTLA,LAX
464,21630.0,DTLA,LAX
465,21632.0,DTLA,LAX
466,21635.0,DTLA,LAX
467,21643.0,DTLA,LAX
468,21643.0,DTLA,LAX
469,21660.0,HWD,LAX
470,21681.0,LGB,LAX
471,21683.0,DTLA,LAX
472,21693.0,DTLA,LAX
473,21698.0,LGB,LAX
474,21728.0,LGB,LAX
475,21769.0,LGB,LAX
476,21803.0,DTLA,LAX
477,21816.0,HWD,LAX
478,21819.0,ANH,LAX
479,21822.0,ANH,LAX
480,21834.0,DTLA,LAX
481,21845.0,HWD,LAX
482,21847.0,HWD,LAX
483,21851.0,HWD,LAX
484,21857.0,DTLA,LAX
485,21873.0,HWD,LAX
486,21886.0,DTLA,LAX
487,21906.0,LGB,LAX
488,21941.0,ANH,LAX
489,21964.0,ANH,LAX
490,21977.0,LGB,LAX
491,21982.0,ANH,LAX
492,22006.0,DTLA,LAX
493,22016.0,DTLA,LAX
494,22029.0,DTLA,LAX
495,22031.0,ANH,LAX
496,22077.0,DTLA,LAX
497,22082.0,HWD,LAX
498,22100.0,LGB,LAX
499,22117.0,LGB,LAX
500,22124.0,HWD,LAX
501,22124.0,LGB,LAX
502,22146.0,ANH,LAX
503,22181.0,DTLA,LAX
504,22199.0,HWD,LAX
505,22204.0,LGB,LAX
506,22216.0,LGB,LAX
507,22222.0,HWD,LAX
508,22232.0,DTLA,LAX
509,22248.0,DTLA,LAX
510,22253.0,ANH,LAX
511,22255.0,HWD,LAX
512,22256.0,DTLA,LAX
513,22259.0,LGB,LAX
514,22267.0,DTLA,LAX
515,22297.0,ANH,LAX
516,22317.0,DTLA,LAX
517,22338.0,HWD,LAX
518,22343.0,DTLA,LAX
519,22344.0,DTLA,LAX
520,22373.0,HWD,LAX
521,22401.0,DTLA,LAX
522,22405.0,DTLA,LAX
523,22429.0,HWD,LAX
524,22435.0,DTLA,LAX
525,22438.0,DTLA,LAX
526,22476.0,DTLA,LAX
527,22480.0,DTLA,LAX
528,22489.0,DTLA,LAX
529,22516.0,ANH,LAX
530,22555.0,ANH,LAX
531,22570.0,DTLA,LAX
532,22582.0,LGB,LAX
533,22586.0,DTLA,LAX
534,22589.0,HWD,LAX
535,22609.0,LGB,LAX
536,22632.0,ANH,LAX
537,22650.0,ANH,LAX
538,22655.0,HWD,LAX
539,22657.0,HWD,LAX
540,22681.0,DTLA,LAX
541,22705.0,DTLA,LAX
542,22706.0,DTLA,LAX
543,22711.0,DTLA,LAX
544,22731.0,LGB,LAX
545,22747.0,ANH,LAX
546,22761.0,DTLA,LAX
547,22775.0,HWD,LAX
548,22792.0,ANH,LAX
549,22793.0,ANH,LAX
550,22796.0,HWD,LAX
551,22803.0,ANH,LAX
552,22815.0,HWD,LAX
553,22817.0,LGB,LAX
554,22817.0,ANH,LAX
555,22831.0,HWD,LAX
556,22856.0,ANH,LAX
557,22871.0,HWD,LAX
558,22871.0,DTLA,LAX
559,22873.0,DTLA,LAX
560,22895.0,LGB,LAX
561,22911.0,ANH,LAX
562,22913.0,DTLA,LAX
563,22937.0,ANH,LAX
564,22943.0,HWD,LAX
565,22953.0,DTLA,LAX
566,23022.0,HWD,LAX
567,23022.0,DTLA,LAX
568,23022.0,HWD,LAX
569,23026.0,HWD,LAX
570,23029.0,ANH,LAX
571,23031.0,ANH,LAX
572,23034.0,ANH,LAX
573,23043.0,DTLA,LAX
574,23043.0,ANH,LAX
575,23064.0,HWD,LAX
576,23066.0,DTLA,LAX
577,23069.0,LGB,LAX
578,23081.0,HWD,LAX
579,23087.0,ANH,LAX
580,23103.0,ANH,LAX
581,23121.0,HWD,LAX
582,23137.0,ANH,LAX
583,23138.0,ANH,LAX
584,23145.0,ANH,LAX
585,23145.0,ANH,LAX
586,23152.0,DTLA,LAX
587,23165.0,DTLA,LAX
588,23166.0,DTLA,LAX
589,23174.0,ANH,LAX
590,23177.0,HWD,LAX
591,23192.0,DTLA,LAX
592,23248.0,ANH,LAX
593,23254.0,DTLA,LAX
594,23261.0,ANH,LAX
595,23272.0,DTLA,LAX
596,23284.0,ANH,LAX
597,23285.0,ANH,LAX
598,23308.0,HWD,LAX
599,23322.0,HWD,LAX
600,23325.0,DTLA,LAX
601,23331.0,LGB,LAX
602,23336.0,DTLA,LAX
603,23362.0,HWD,LAX
604,23380.0,DTLA,LAX
605,23434.0,HWD,LAX
606,23468.0,DTLA,LAX
607,23472.0,HWD,LAX
608,23476.0,LGB,LAX
609,23477.0,HWD,LAX
610,23477.0,DTLA,LAX
611,23508.0,LGB,LAX
612,23516.0,HWD,LAX
613,23526.0,DTLA,LAX
614,23538.0,DTLA,LAX
615,23546.0,ANH,LAX
616,23617.0,HWD,LAX
617,23620.0,DTLA,LAX
618,23638.0,LGB,LAX
619,23661.0,ANH,LAX
620,23663.0,DTLA,LAX
621,23670.0,ANH,LAX
622,23670.0,DTLA,LAX
623,23672.0,HWD,LAX
624,23673.0,HWD,LAX
625,23673.0,DTLA,LAX
626,23688.0,HWD,LAX
627,23705.0,LGB,LAX
628,23753.0,DTLA,LAX
629,23768.0,DTLA,LAX
630,23783.0,ANH,LAX
631,23783.0,DTLA,LAX
632,23786.0,DTLA,LAX
633,23794.0,HWD,LAX
634,23800.0,ANH,LAX
635,23829.0,HWD,LAX
636,23845.0,LGB,LAX
637,23855.0,DTLA,LAX
638,23855.0,ANH,LAX
639,23863.0,DTLA,LAX
640,23910.0,HWD,LAX
641,23911.0,ANH,LAX
642,23918.0,ANH,LAX
643,23920.0,HWD,LAX
644,23940.0,DTLA,LAX
645,23975.0,ANH,LAX
646,24003.0,HWD,LAX
647,24019.0,ANH,LAX
648,24048.0,HWD,LAX
649,24080.0,ANH,LAX
650,24084.0,HWD,LAX
651,24087.0,HWD,LAX
652,24096.0,ANH,LAX
653,24113.0,ANH,LAX
654,24183.0,HWD,LAX
655,24223.0,LGB,LAX
656,24252.0,LGB,LAX
657,24315.0,DTLA,LAX
658,24344.0,DTLA,LAX
659,24361.0,DTLA,LAX
660,24361.0,LGB,LAX
661,24362.0,ANH,LAX
662,24437.0,LGB,LAX
663,24485.0,DTLA,LAX
664,24512.0,HWD,LAX
665,24519.0,ANH,LAX
666,24536.0,LGB,LAX
667,24612.0,LGB,LAX
668,24626.0,HWD,LAX
669,24642.0,HWD,LAX
670,24642.0,ANH,LAX
671,24650.0,LGB,LAX
672,24678.0,DTLA,LAX
673,24678.0,HWD,LAX
674,24704.0,ANH,LAX
675,24765.0,DTLA,LAX
676,24767.0,DTLA,LAX
677,24792.0,HWD,LAX
678,24795.0,HWD,LAX
679,24817.0,LGB,LAX
680,24826.0,ANH,LAX
681,24857.0,ANH,LAX
682,24885.0,LGB,LAX
683,24886.0,LGB,LAX
684,24897.0,HWD,LAX
685,24922.0,LGB,LAX
686,24957.0,HWD,LAX
687,24967.0,DTLA,LAX
688,25033.0,ANH,LAX
689,25045.0,HWD,LAX
690,25048.0,HWD,LAX
691,25059.0,HWD,LAX
692,25060.0,HWD,LAX
693,25078.0,DTLA,LAX
694,25121.0,HWD,LAX
695,25156.0,ANH,LAX
696,25166.0,LGB,LAX
697,25179.0,DTLA,LAX
698,25190.0,DTLA,LAX
699,25194.0,DTLA,LAX
700,25215.0,DTLA,LAX
701,25220.0,ANH,LAX
702,25233.0,HWD,LAX
703,25271.0,HWD,LAX
704,25280.0,ANH,LAX
705,25288.0,DTLA,LAX
706,25304.0,DTLA,LAX
707,25319.0,DTLA,LAX
708,25334.0,ANH,LAX
709,25398.0,ANH,LAX
710,25419.0,DTLA,LAX
711,25429.0,ANH,LAX
712,25495.0,HWD,LAX
713,25499.0,HWD,LAX
714,25512.0,ANH,LAX
715,25543.0,HWD,LAX
716,25618.0,HWD,LAX
717,25624.0,DTLA,LAX
718,25640.0,ANH,LAX
719,25659.0,DTLA,LAX
720,25666.0,DTLA,LAX
721,25672.0,ANH,LAX
722,25688.0,ANH,LAX
723,25707.0,DTLA,LAX
724,25716.0,ANH,LAX
725,25721.0,HWD,LAX
726,25721.0,HWD,LAX
727,25723.0,DTLA,LAX
728,25741.0,ANH,LAX
729,25752.0,LGB,LAX
730,25781.0,LGB,LAX
731,25781.0,ANH,LAX
732,25808.0,HWD,LAX
733,25812.0,DTLA,LAX
734,25843.0,ANH,LAX
735,25875.0,DTLA,LAX
736,25876.0,HWD,LAX
737,25907.0,HWD,LAX
738,25910.0,HWD,LAX
739,25922.0,DTLA,LAX
740,25943.0,DTLA,LAX
741,25948.0,ANH,LAX
742,25960.0,ANH,LAX
743,25962.0,DTLA,LAX
744,26011.0,ANH,LAX
745,26016.0,HWD,LAX
746,26017.0,DTLA,LAX
747,26039.0,HWD,LAX
748,26043.0,HWD,LAX
749,26052.0,ANH,LAX
750,26106.0,DTLA,LAX
751,26147.0,DTLA,LAX
752,26163.0,ANH,LAX
753,26165.0,ANH,LAX
754,26173.0,ANH,LAX
755,26189.0,DTLA,LAX
756,26189.0,LGB,LAX
757,26206.0,LGB,LAX
758,26212.0,DTLA,LAX
759,26224.0,ANH,LAX
760,26242.0,HWD,LAX
761,26244.0,HWD,LAX
762,26245.0,HWD,LAX
763,26260.0,ANH,LAX
764,26263.0,ANH,LAX
765,26279.0,HWD,LAX
766,26298.0,LGB,LAX
767,26308.0,DTLA,LAX
768,26321.0,DTLA,LAX
769,26323.0,ANH,LAX
770,26343.0,ANH,LAX
771,26408.0,LGB,LAX
772,26432.0,HWD,LAX
773,26440.0,LGB,LAX
774,26456.0,ANH,LAX
775,26457.0,HWD,LAX
776,26462.0,DTLA,LAX
777,26465.0,DTLA,LAX
778,26510.0,HWD,LAX
779,26515.0,ANH,LAX
780,26522.0,ANH,LAX
781,26526.0,LGB,LAX
782,26530.0,ANH,LAX
783,26541.0,LGB,LAX
784,26555.0,LGB,LAX
785,26564.0,HWD,LAX
786,26590.0,DTLA,LAX
787,26605.0,DTLA,LAX
788,26630.0,DTLA,LAX
789,26684.0,ANH,LAX
790,26713.0,LGB,LAX
791,26723.0,HWD,LAX
792,26739.0,ANH,LAX
793,26760.0,DTLA,LAX
794,26774.0,DTLA,LAX
795,26775.0,HWD,LAX
796,26777.0,ANH,LAX
797,26809.0,LGB,LAX
798,26814.0,HWD,LAX
799,26850.0,DTLA,LAX
800,26873.0,ANH,LAX
801,26882.0,HWD,LAX
802,26884.0,DTLA,LAX
803,26892.0,ANH,LAX
804,26898.0,LGB,LAX
805,26905.0,ANH,LAX
806,26907.0,ANH,LAX
807,26916.0,DTLA,LAX
808,26935.0,ANH,LAX
809,26937.0,ANH,LAX
810,26953.0,HWD,LAX
811,26954.0,HWD,LAX
812,26955.0,DTLA,LAX
813,26956.0,ANH,LAX
814,26983.0,DTLA,LAX
815,26986.0,ANH,LAX
816,26990.0,DTLA,LAX
817,27003.0,HWD,LAX
818,27029.0,HWD,LAX
819,27029.0,ANH,LAX
820,27066.0,LGB,LAX
821,27073.0,ANH,LAX
822,27077.0,ANH,LAX
823,27094.0,HWD,LAX
824,27100.0,DTLA,LAX
825,27103.0,ANH,LAX
826,27108.0,ANH,LAX
827,27148.0,DTLA,LAX
828,27160.0,ANH,LAX
829,27180.0,HWD,LAX
830,27212.0,DTLA,LAX
831,27233.0,ANH,LAX
832,27292.0,HWD,LAX
833,27308.0,ANH,LAX
834,27319.0,ANH,LAX
835,27320.0,DTLA,LAX
836,27337.0,DTLA,LAX
837,27377.0,ANH,LAX
838,27393.0,DTLA,LAX
839,27405.0,HWD,LAX
840,27410.0,DTLA,LAX
841,27419.0,DTLA,LAX
842,27443.0,DTLA,LAX
843,27472.0,DTLA,LAX
844,27491.0,HWD,LAX
845,27494.0,ANH,LAX
846,27494.0,LGB,LAX
847,27523.0,ANH,LAX
848,27525.0,DTLA,LAX
849,27535.0,ANH,LAX
850,27537.0,ANH,LAX
851,27578.0,ANH,LAX
852,27642.0,ANH,LAX
853,27676.0,DTLA,LAX
854,27696.0,ANH,LAX
855,27726.0,ANH,LAX
856,27734.0,ANH,LAX
857,27736.0,LGB,LAX
858,27737.0,HWD,LAX
859,27766.0,HWD,LAX
860,27773.0,HWD,LAX
861,27776.0,LGB,LAX
862,27804.0,LGB,LAX
863,27807.0,LGB,LAX
864,27817.0,DTLA,LAX
865,27828.0,LGB,LAX
866,27838.0,DTLA,LAX
867,27854.0,LGB,LAX
868,27858.0,HWD,LAX
869,27877.0,ANH,LAX
870,27881.0,DTLA,LAX
871,27892.0,LGB,LAX
872,27901.0,HWD,LAX
873,27910.0,HWD,LAX
874,27922.0,DTLA,LAX
875,27936.0,ANH,LAX
876,27939.0,DTLA,LAX
877,27939.0,ANH,LAX
878,27940.0,DTLA,LAX
879,27956.0,DTLA,LAX
880,27962.0,ANH,LAX
881,27972.0,ANH,LAX
882,27973.0,ANH,LAX
883,27976.0,DTLA,LAX
884,27982.0,HWD,LAX
885,27988.0,HWD,LAX
886,27992.0,LGB,LAX
887,28022.0,LGB,LAX
888,28027.0,DTLA,LAX
889,28033.0,LGB,LAX
890,28041.0,ANH,LAX
891,28049.0,HWD,LAX
892,28126.0,DTLA,LAX
893,28135.0,DTLA,LAX
894,28188.0,LGB,LAX
895,28189.0,ANH,LAX
896,28242.0,ANH,LAX
897,28251.0,LGB,LAX
898,28255.0,HWD,LAX
899,28269.0,ANH,LAX
900,28305.0,HWD,LAX
901,28322.0,HWD,LAX
902,28349.0,DTLA,LAX
903,28361.0,DTLA,LAX
904,28363.0,HWD,LAX
905,28364.0,ANH,LAX
906,28366.0,HWD,LAX
907,28407.0,ANH,LAX
908,28430.0,LGB,LAX
909,28433.0,HWD,LAX
910,28439.0,DTLA,LAX
911,28497.0,DTLA,LAX
912,28512.0,ANH,LAX
913,28525.0,HWD,LAX
914,28527.0,ANH,LAX
915,28551.0,DTLA,LAX
916,28555.0,DTLA,LAX
917,28560.0,ANH,LAX
918,28574.0,ANH,LAX
919,28578.0,ANH,LAX
920,28602.0,HWD,LAX
921,28604.0,ANH,LAX
922,28610.0,LGB,LAX
923,28657.0,DTLA,LAX
924,28662.0,HWD,LAX
925,28665.0,HWD,LAX
926,28665.0,LGB,LAX
927,28668.0,HWD,LAX
928,28680.0,DTLA,LAX
929,28690.0,ANH,LAX
930,28693.0,ANH,LAX
931,28718.0,ANH,LAX
932,28732.0,DTLA,LAX
933,28744.0,DTLA,LAX
934,28745.0,LGB,LAX
935,28800.0,DTLA,LAX
936,28813.0,ANH,LAX
937,28839.0,HWD,LAX
938,28849.0,HWD,LAX
939,28854.0,LGB,LAX
940,28866.0,ANH,LAX
941,28883.0,ANH,LAX
942,28897.0,DTLA,LAX
943,28933.0,HWD,LAX
944,28981.0,ANH,LAX
945,28985.0,DTLA,LAX
946,28990.0,DTLA,LAX
947,29033.0,LGB,LAX
948,29052.0,LGB,LAX
949,29082.0,DTLA,LAX
950,29084.0,ANH,LAX
951,29098.0,DTLA,LAX
952,29118.0,ANH,LAX
953,29140.0,HWD,LAX
954,29143.0,DTLA,LAX
955,29162.0,DTLA,LAX
956,29178.0,ANH,LAX
957,29197.0,DTLA,LAX
958,29197.0,DTLA,LAX
959,29205.0,ANH,LAX
960,29217.0,DTLA,LAX
961,29220.0,HWD,LAX
962,29277.0,DTLA,LAX
963,29300.0,ANH,LAX
964,29309.0,DTLA,LAX
965,29353.0,LGB,LAX
966,29359.0,HWD,LAX
967,29360.0,HWD,LAX
968,29375.0,DTLA,LAX
969,29383.0,ANH,LAX
970,29403.0,ANH,LAX
971,29476.0,DTLA,LAX
972,29481.0,ANH,LAX
973,29526.0,DTLA,LAX
974,29537.0,DTLA,LAX
975,29567.0,ANH,LAX
976,29578.0,HWD,LAX
977,29581.0,LGB,LAX
978,29591.0,HWD,LAX
979,29601.0,LGB,LAX
980,29628.0,LGB,LAX
981,29635.0,ANH,LAX
982,29645.0,DTLA,LAX
983,29673.0,ANH,LAX
984,29680.0,LGB,LAX
985,29688.0,HWD,LAX
986,29700.0,ANH,LAX
987,29731.0,HWD,LAX
988,29758.0,ANH,LAX
989,29771.0,HWD,LAX
990,29813.0,ANH,LAX
991,29815.0,DTLA,LAX
992,29824.0,HWD,LAX
993,29847.0,DTLA,LAX
994,29871.0,HWD,LAX
995,29890.0,LGB,LAX
996,29894.0,DTLA,LAX
997,29900.0,HWD,LAX
998,29922.0,ANH,LAX
999,29944.0,LGB,LAX
1000,29946.0,HWD,LAX
1001,29984.0,DTLA,LAX
1002,29993.0,ANH,LAX
1003,29994.0,DTLA,LAX
1004,30014.0,HWD,LAX
1005,30017.0,ANH,LAX
1006,30037.0,DTLA,LAX
1007,30096.0,DTLA,LAX
1008,30105.0,HWD,LAX
1009,30106.0,ANH,LAX
1010,30113.0,ANH,LAX
1011,30115.0,ANH,LAX
1012,30126.0,ANH,LAX
1013,30154.0,ANH,LAX
1014,30155.0,DTLA,LAX
1015,30158.0,DTLA,LAX
1016,30160.0,DTLA,LAX
1017,30165.0,HWD,LAX
1018,30230.0,DTLA,LAX
1019,30317.0,ANH,LAX
1020,30318.0,DTLA,LAX
1021,30326.0,HWD,LAX
1022,30346.0,LGB,LAX
1023,30369.0,ANH,LAX
1024,30393.0,LGB,LAX
1025,30398.0,HWD,LAX
1026,30464.0,DTLA,LAX
1027,30508.0,DTLA,LAX
1028,30514.0,DTLA,LAX
1029,30517.0,DTLA,LAX
1030,30518.0,LGB,LAX
1031,30532.0,ANH,LAX
1032,30545.0,HWD,LAX
1033,30560.0,HWD,LAX
1034,30574.0,LGB,LAX
1035,30576.0,DTLA,LAX
1036,30593.0,LGB,LAX
1037,30625.0,HWD,LAX
1038,30629.0,DTLA,LAX
1039,30666.0,DTLA,LAX
1040,30667.0,DTLA,LAX
1041,30668.0,DTLA,LAX
1042,30677.0,HWD,LAX
1043,30697.0,ANH,LAX
1044,30703.0,LGB,LAX
1045,30728.0,HWD,LAX
1046,30732.0,LGB,LAX
1047,30739.0,ANH,LAX
1048,30746.0,DTLA,LAX
1049,30754.0,HWD,LAX
1050,30759.0,DTLA,LAX
1051,30842.0,HWD,LAX
1052,30855.0,LGB,LAX
1053,30860.0,DTLA,LAX
1054,30882.0,ANH,LAX
1055,30896.0,DTLA,LAX
1056,30896.0,ANH,LAX
1057,30928.0,DTLA,LAX
1058,30937.0,HWD,LAX
1059,30943.0,ANH,LAX
1060,30945.0,DTLA,LAX
1061,30958.0,ANH,LAX
1062,30962.0,HWD,LAX
1063,30970.0,DTLA,LAX
1064,30972.0,ANH,LAX
1065,30989.0,DTLA,LAX
1066,31070.0,HWD,LAX
1067,31070.0,ANH,LAX
1068,31070.0,DTLA,LAX
1069,31081.0,HWD,LAX
1070,31136.0,HWD,LAX
1071,31144.0,ANH,LAX
1072,31150.0,HWD,LAX
1073,31194.0,DTLA,LAX
1074,31201.0,DTLA,LAX
1075,31226.0,DTLA,LAX
1076,31233.0,ANH,LAX
1077,31243.0,HWD,LAX
1078,31259.0,LGB,LAX
1079,31261.0,ANH,LAX
1080,31261.0,LGB,LAX
1081,31282.0,ANH,LAX
1082,31292.0,HWD,LAX
1083,31341.0,ANH,LAX
1084,31344.0,ANH,LAX
1085,31355.0,LGB,LAX
1086,31367.0,HWD,LAX
1087,31369.0,DTLA,LAX
1088,31381.0,HWD,LAX
1089,31418.0,DTLA,LAX
1090,31434.0,ANH,LAX
1091,31452.0,DTLA,LAX
1092,31473.0,DTLA,LAX
1093,31510.0,ANH,LAX
1094,31547.0,DTLA,LAX
1095,31548.0,ANH,LAX
1096,31595.0,DTLA,LAX
1097,31607.0,DTLA,LAX
1098,31635.0,DTLA,LAX
1099,31652.0,ANH,LAX
1100,31652.0,HWD,LAX
1101,31656.0,DTLA,LAX
1102,31662.0,HWD,LAX
1103,31667.0,LGB,LAX
1104,31695.0,DTLA,LAX
1105,31699.0,ANH,LAX
1106,31727.0,ANH,LAX
1107,31779.0,LGB,LAX
1108,31796.0,LGB,LAX
1109,31827.0,ANH,LAX
1110,31875.0,DTLA,LAX
1111,31907.0,HWD,LAX
1112,31924.0,DTLA,LAX
1113,31969.0,LGB,LAX
1114,32016.0,HWD,LAX
1115,32016.0,ANH,LAX
1116,32018.0,ANH,LAX
1117,32059.0,DTLA,LAX
1118,32099.0,DTLA,LAX
1119,32143.0,ANH,LAX
1120,32168.0,ANH,LAX
1121,32182.0,ANH,LAX
1122,32192.0,ANH,LAX
1123,32199.0,ANH,LAX
1124,32210.0,LGB,LAX
1125,32230.0,LGB,LAX
1126,32237.0,DTLA,LAX
1127,32274.0,ANH,LAX
1128,32278.0,HWD,LAX
1129,32292.0,ANH,LAX
1130,32313.0,ANH,LAX
1131,32323.0,HWD,LAX
1132,32384.0,DTLA,LAX
1133,32420.0,DTLA,LAX
1134,32437.0,HWD,LAX
1135,32438.0,HWD,LAX
1136,32459.0,ANH,LAX
1137,32464.0,DTLA,LAX
1138,32471.0,DTLA,LAX
1139,32473.0,DTLA,LAX
1140,32497.0,ANH,LAX
1141,32500.0,DTLA,LAX
1142,32505.0,ANH,LAX
1143,32545.0,LGB,LAX
1144,32548.0,ANH,LAX
1145,32558.0,DTLA,LAX
1146,32559.0,ANH,LAX
1147,32580.0,HWD,LAX
1148,32582.0,HWD,LAX
1149,32583.0,HWD,LAX
1150,32620.0,DTLA,LAX
1151,32620.0,HWD,LAX
1152,32623.0,HWD,LAX
1153,32637.0,DTLA,LAX
1154,32641.0,HWD,LAX
1155,32677.0,DTLA,LAX
1156,32682.0,ANH,LAX
1157,32716.0,ANH,LAX
1158,32750.0,DTLA,LAX
1159,32785.0,HWD,LAX
1160,32788.0,DTLA,LAX
1161,32796.0,HWD,LAX
1162,32808.0,ANH,LAX
1163,32836.0,DTLA,LAX
1164,32851.0,ANH,LAX
1165,32851.0,DTLA,LAX
1166,32856.0,DTLA,LAX
1167,32878.0,ANH,LAX
1168,32898.0,DTLA,LAX
1169,32935.0,HWD,LAX
1170,32946.0,DTLA,LAX
1171,32968.0,LGB,LAX
1172,32983.0,ANH,LAX
1173,32987.0,LGB,LAX
1174,33001.0,HWD,LAX
1175,33003.0,DTLA,LAX
1176,33028.0,DTLA,LAX
1177,33080.0,HWD,LAX
1178,33085.0,HWD,LAX
1179,33102.0,ANH,LAX
1180,33128.0,LGB,LAX
1181,33157.0,DTLA,LAX
1182,33157.0,ANH,LAX
1183,33165.0,ANH,LAX
1184,33190.0,HWD,LAX
1185,33193.0,ANH,LAX
1186,33201.0,DTLA,LAX
1187,33229.0,ANH,LAX
1188,33263.0,DTLA,LAX
1189,33295.0,LGB,LAX
1190,33310.0,DTLA,LAX
1191,33314.0,ANH,LAX
1192,33345.0,LGB,LAX
1193,33359.0,DTLA,LAX
1194,33372.0,HWD,LAX
1195,33388.0,DTLA,LAX
1196,33399.0,ANH,LAX
1197,33412.0,ANH,LAX
1198,33416.0,DTLA,LAX
1199,33417.0,DTLA,LAX
1200,33420.0,LGB,LAX
1201,33421.0,DTLA,LAX
1202,33453.0,ANH,LAX
1203,33485.0,HWD,LAX
1204,33499.0,DTLA,LAX
1205,33553.0,HWD,LAX
1206,33557.0,ANH,LAX
1207,33575.0,DTLA,LAX
1208,33583.0,HWD,LAX
1209,33601.0,ANH,LAX
1210,33605.0,DTLA,LAX
1211,33611.0,DTLA,LAX
1212,33614.0,HWD,LAX
1213,33631.0,HWD,LAX
1214,33637.0,HWD,LAX
1215,33643.0,ANH,LAX
1216,33659.0,DTLA,LAX
1217,33662.0,HWD,LAX
1218,33678.0,DTLA,LAX
1219,33678.0,DTLA,LAX
1220,33687.0,HWD,LAX
1221,33732.0,ANH,LAX
1222,33743.0,DTLA,LAX
1223,33754.0,HWD,LAX
1224,33764.0,LGB,LAX
1225,33788.0,LGB,LAX
1226,33790.0,ANH,LAX
1227,33793.0,DTLA,LAX
1228,33800.0,DTLA,LAX
1229,33806.0,DTLA,LAX
1230,33816.0,ANH,LAX
1231,33817.0,ANH,LAX
1232,33844.0,HWD,LAX
1233,33869.0,HWD,LAX
1234,33890.0,ANH,LAX
1235,33891.0,HWD,LAX
1236,33893.0,LGB,LAX
1237,33894.0,DTLA,LAX
1238,33919.0,DTLA,LAX
1239,33928.0,HWD,LAX
1240,33931.0,ANH,LAX
1241,33938.0,DTLA,LAX
1242,33950.0,ANH,LAX
1243,33959.0,LGB,LAX
1244,33964.0,DTLA,LAX
1245,33980.0,HWD,LAX
1246,34007.0,HWD,LAX
1247,34021.0,DTLA,LAX
1248,34030.0,ANH,LAX
1249,34078.0,ANH,LAX
1250,34100.0,DTLA,LAX
1251,34150.0,ANH,LAX
1252,34157.0,LGB,LAX
1253,34163.0,ANH,LAX
1254,34171.0,DTLA,LAX
1255,34183.0,DTLA,LAX
1256,34185.0,ANH,LAX
1257,34186.0,ANH,LAX
1258,34190.0,ANH,LAX
1259,34203.0,ANH,LAX
1260,34208.0,DTLA,LAX
1261,34244.0,HWD,LAX
1262,34259.0,HWD,LAX
1263,34276.0,DTLA,LAX
1264,34282.0,LGB,LAX
1265,34284.0,LGB,LAX
1266,34302.0,DTLA,LAX
1267,34334.0,DTLA,LAX
1268,34346.0,LGB,LAX
1269,34350.0,HWD,LAX
1270,34363.0,DTLA,LAX
1271,34364.0,DTLA,LAX
1272,34376.0,ANH,LAX
1273,34390.0,HWD,LAX
1274,34401.0,DTLA,LAX
1275,34422.0,ANH,LAX
1276,34431.0,ANH,LAX
1277,34435.0,LGB,LAX
1278,34452.0,DTLA,LAX
1279,34453.0,HWD,LAX
1280,34456.0,DTLA,LAX
1281,34459.0,LGB,LAX
1282,34498.0,ANH,LAX
1283,34554.0,HWD,LAX
1284,34574.0,HWD,LAX
1285,34575.0,LGB,LAX
1286,34579.0,ANH,LAX
1287,34584.0,DTLA,LAX
1288,34606.0,DTLA,LAX
1289,34621.0,DTLA,LAX
1290,34622.0,HWD,LAX
1291,34682.0,ANH,LAX
1292,34684.0,DTLA,LAX
1293,34701.0,DTLA,LAX
1294,34706.0,DTLA,LAX
1295,34713.0,DTLA,LAX
1296,34714.0,HWD,LAX
1297,34720.0,DTLA,LAX
1298,34721.0,DTLA,LAX
1299,34723.0,HWD,LAX
1300,34770.0,HWD,LAX
1301,34770.0,DTLA,LAX
1302,34773.0,ANH,LAX
1303,34797.0,DTLA,LAX
1304,34797.0,HWD,LAX
1305,34802.0,LGB,LAX
1306,34816.0,DTLA,LAX
1307,34827.0,ANH,LAX
1308,34832.0,HWD,LAX
1309,34843.0,HWD,LAX
1310,34855.0,HWD,LAX
1311,34880.0,HWD,LAX
1312,34891.0,ANH,LAX
1313,34896.0,HWD,LAX
1314,34916.0,HWD,LAX
1315,34921.0,HWD,LAX
1316,34941.0,HWD,LAX
1317,34944.0,DTLA,LAX
1318,34947.0,ANH,LAX
1319,34963.0,DTLA,LAX
1320,34971.0,LGB,LAX
1321,34981.0,DTLA,LAX
1322,34997.0,DTLA,LAX
1323,35026.0,LGB,LAX
1324,35028.0,ANH,LAX
1325,35033.0,LGB,LAX
1326,35041.0,LGB,LAX
1327,35048.0,ANH,LAX
1328,35061.0,HWD,LAX
1329,35082.0,DTLA,LAX
1330,35085.0,DTLA,LAX
1331,35111.0,ANH,LAX
1332,35113.0,ANH,LAX
1333,35116.0,DTLA,LAX
1334,35120.0,LGB,LAX
1335,35138.0,LGB,LAX
1336,35140.0,LGB,LAX
1337,35159.0,HWD,LAX
1338,35173.0,HWD,LAX
1339,35179.0,ANH,LAX
1340,35195.0,LGB,LAX
1341,35197.0,DTLA,LAX
1342,35198.0,DTLA,LAX
1343,35201.0,DTLA,LAX
1344,35208.0,DTLA,LAX
1345,35216.0,DTLA,LAX
1346,35229.0,ANH,LAX
1347,35231.0,ANH,LAX
1348,35253.0,DTLA,LAX
1349,35256.0,LGB,LAX
1350,35269.0,ANH,LAX
1351,35317.0,HWD,LAX
1352,35353.0,ANH,LAX
1353,35369.0,DTLA,LAX
1354,35372.0,LGB,LAX
1355,35380.0,HWD,LAX
1356,35384.0,LGB,LAX
1357,35411.0,HWD,LAX
1358,35454.0,LGB,LAX
1359,35459.0,ANH,LAX
1360,35460.0,HWD,LAX
1361,35477.0,ANH,LAX
1362,35501.0,DTLA,LAX
1363,35537.0,DTLA,LAX
1364,35546.0,ANH,LAX
1365,35570.0,ANH,LAX
1366,35591.0,DTLA,LAX
1367,35597.0,DTLA,LAX
1368,35602.0,ANH,LAX
1369,35615.0,DTLA,LAX
1370,35616.0,LGB,LAX
1371,35631.0,HWD,LAX
1372,35634.0,LGB,LAX
1373,35657.0,ANH,LAX
1374,35662.0,DTLA,LAX
1375,35708.0,HWD,LAX
1376,35709.0,DTLA,LAX
1377,35728.0,ANH,LAX
1378,35740.0,DTLA,LAX
1379,35751.0,LGB,LAX
1380,35776.0,DTLA,LAX
1381,35803.0,HWD,LAX
1382,35812.0,DTLA,LAX
1383,35812.0,ANH,LAX
1384,35856.0,LGB,LAX
1385,35871.0,DTLA,LAX
1386,35881.0,ANH,LAX
1387,35912.0,HWD,LAX
1388,35960.0,ANH,LAX
1389,35969.0,ANH,LAX
1390,35982.0,HWD,LAX
1391,35983.0,ANH,LAX
1392,35996.0,DTLA,LAX
1393,35999.0,LGB,LAX
1394,36018.0,LGB,LAX
1395,36042.0,ANH,LAX
1396,36057.0,HWD,LAX
1397,36069.0,ANH,LAX
1398,36074.0,HWD,LAX
1399,36074.0,DTLA,LAX
1400,36105.0,DTLA,LAX
1401,36114.0,LGB,LAX
1402,36118.0,DTLA,LAX
1403,36126.0,ANH,LAX
1404,36127.0,DTLA,LAX
1405,36132.0,HWD,LAX
1406,36133.0,ANH,LAX
1407,36168.0,ANH,LAX
1408,36212.0,HWD,LAX
1409,36215.0,DTLA,LAX
1410,36230.0,DTLA,LAX
1411,36245.0,ANH,LAX
1412,36251.0,DTLA,LAX
1413,36254.0,DTLA,LAX
1414,36263.0,ANH,LAX
1415,36266.0,DTLA,LAX
1416,36267.0,HWD,LAX
1417,36290.0,LGB,LAX
1418,36292.0,DTLA,LAX
1419,36324.0,LGB,LAX
1420,36358.0,ANH,LAX
1421,36390.0,ANH,LAX
1422,36400.0,LGB,LAX
1423,36436.0,HWD,LAX
1424,36439.0,DTLA,LAX
1425,36440.0,HWD,LAX
1426,36442.0,DTLA,LAX
1427,36445.0,DTLA,LAX
1428,36453.0,ANH,LAX
1429,36457.0,ANH,LAX
1430,36482.0,ANH,LAX
1431,36510.0,DTLA,LAX
1432,36520.0,LGB,LAX
1433,36558.0,HWD,LAX
1434,36577.0,LGB,LAX
1435,36581.0,HWD,LAX
1436,36584.0,HWD,LAX
1437,36586.0,DTLA,LAX
1438,36596.0,HWD,LAX
1439,36604.0,LGB,LAX
1440,36614.0,LGB,LAX
1441,36619.0,ANH,LAX
1442,36619.0,LGB,LAX
1443,36626.0,HWD,LAX
1444,36627.0,DTLA,LAX
1445,36646.0,HWD,LAX
1446,36652.0,ANH,LAX
1447,36667.0,DTLA,LAX
1448,36686.0,HWD,LAX
1449,36695.0,ANH,LAX
1450,36701.0,DTLA,LAX
1451,36708.0,DTLA,LAX
1452,36716.0,DTLA,LAX
1453,36740.0,DTLA,LAX
1454,36746.0,HWD,LAX
1455,36765.0,HWD,LAX
1456,36769.0,ANH,LAX
1457,36773.0,ANH,LAX
1458,36774.0,DTLA,LAX
1459,36791.0,HWD,LAX
1460,36794.0,HWD,LAX
1461,36797.0,DTLA,LAX
1462,36809.0,DTLA,LAX
1463,36831.0,ANH,LAX
1464,36837.0,ANH,LAX
1465,36870.0,ANH,LAX
1466,36885.0,HWD,LAX
1467,36900.0,ANH,LAX
1468,36906.0,ANH,LAX
1469,36910.0,HWD,LAX
1470,36919.0,ANH,LAX
1471,36920.0,DTLA,LAX
1472,36940.0,LGB,LAX
1473,36942.0,DTLA,LAX
1474,36949.0,HWD,LAX
1475,36957.0,HWD,LAX
1476,36967.0,LGB,LAX
1477,36984.0,HWD,LAX
1478,36987.0,DTLA,LAX
1479,36990.0,HWD,LAX
1480,36998.0,DTLA,LAX
1481,37021.0,ANH,LAX
1482,37050.0,LGB,LAX
1483,37050.0,LGB,LAX
1484,37064.0,HWD,LAX
1485,37075.0,ANH,LAX
1486,37082.0,LGB,LAX
1487,37084.0,LGB,LAX
1488,37092.0,DTLA,LAX
1489,37093.0,DTLA,LAX
1490,37105.0,ANH,LAX
1491,37105.0,ANH,LAX
1492,37120.0,HWD,LAX
1493,37131.0,LGB,LAX
1494,37140.0,LGB,LAX
1495,37140.0,HWD,LAX
1496,37147.0,DTLA,LAX
1497,37148.0,DTLA,LAX
1498,37166.0,DTLA,LAX
1499,37169.0,ANH,LAX
1500,37175.0,ANH,LAX
1501,37176.0,HWD,LAX
1502,37177.0,DTLA,LAX
1503,37179.0,ANH,LAX
1504,37182.0,ANH,LAX
1505,37211.0,LGB,LAX
1506,37236.0,ANH,LAX
1507,37247.0,DTLA,LAX
1508,37280.0,DTLA,LAX
1509,37286.0,ANH,LAX
1510,37294.0,ANH,LAX
1511,37319.0,HWD,LAX
1512,37321.0,HWD,LAX
1513,37357.0,HWD,LAX
1514,37358.0,DTLA,LAX
1515,37369.0,LGB,LAX
1516,37373.0,LGB,LAX
1517,37398.0,DTLA,LAX
1518,37405.0,HWD,LAX
1519,37407.0,HWD,LAX
1520,37416.0,ANH,LAX
1521,37425.0,DTLA,LAX
1522,37427.0,DTLA,LAX
1523,37431.0,HWD,LAX
1524,37434.0,ANH,LAX
1525,37445.0,HWD,LAX
1526,37471.0,HWD,LAX
1527,37473.0,HWD,LAX
1528,37479.0,ANH,LAX
1529,37485.0,DTLA,LAX
1530,37488.0,DTLA,LAX
1531,37489.0,DTLA,LAX
1532,37497.0,HWD,LAX
1533,37516.0,LGB,LAX
1534,37525.0,DTLA,LAX
1535,37540.0,ANH,LAX
1536,37571.0,HWD,LAX
1537,37573.0,DTLA,LAX
1538,37585.0,ANH,LAX
1539,37590.0,DTLA,LAX
1540,37641.0,DTLA,LAX
1541,37643.0,DTLA,LAX
1542,37647.0,HWD,LAX
1543,37669.0,LGB,LAX
1544,37678.0,DTLA,LAX
1545,37699.0,LGB,LAX
1546,37707.0,DTLA,LAX
1547,37731.0,DTLA,LAX
1548,37742.0,HWD,LAX
1549,37748.0,ANH,LAX
1550,37789.0,HWD,LAX
1551,37791.0,ANH,LAX
1552,37802.0,DTLA,LAX
1553,37805.0,ANH,LAX
1554,37806.0,DTLA,LAX
1555,37835.0,DTLA,LAX
1556,37845.0,HWD,LAX
1557,37847.0,HWD,LAX
1558,37848.0,HWD,LAX
1559,37877.0,LGB,LAX
1560,37880.0,DTLA,LAX
1561,37884.0,HWD,LAX
1562,37903.0,ANH,LAX
1563,37904.0,DTLA,LAX
1564,37910.0,LGB,LAX
1565,37970.0,ANH,LAX
1566,37992.0,ANH,LAX
1567,37995.0,ANH,LAX
1568,37995.0,ANH,LAX
1569,37996.0,HWD,LAX
1570,37997.0,LGB,LAX
1571,38012.0,ANH,LAX
1572,38033.0,DTLA,LAX
1573,38037.0,HWD,LAX
1574,38039.0,ANH,LAX
1575,38054.0,DTLA,LAX
1576,38068.0,HWD,LAX
1577,38080.0,HWD,LAX
1578,38085.0,LGB,LAX
1579,38088.0,DTLA,LAX
1580,38093.0,DTLA,LAX
1581,38099.0,HWD,LAX
1582,38103.0,ANH,LAX
1583,38131.0,ANH,LAX
1584,38131.0,LGB,LAX
1585,38145.0,HWD,LAX
1586,38156.0,DTLA,LAX
1587,38194.0,ANH,LAX
1588,38196.0,DTLA,LAX
1589,38243.0,ANH,LAX
1590,38249.0,DTLA,LAX
1591,38251.0,HWD,LAX
1592,38255.0,ANH,LAX
1593,38276.0,ANH,LAX
1594,38276.0,ANH,LAX
1595,38307.0,HWD,LAX
1596,38309.0,ANH,LAX
1597,38309.0,HWD,LAX
1598,38317.0,HWD,LAX
1599,38321.0,DTLA,LAX
1600,38322.0,LGB,LAX
1601,38332.0,ANH,LAX
1602,38368.0,DTLA,LAX
1603,38371.0,LGB,LAX
1604,38387.0,HWD,LAX
1605,38388.0,DTLA,LAX
1606,38396.0,LGB,LAX
1607,38397.0,DTLA,LAX
1608,38431.0,ANH,LAX
1609,38443.0,DTLA,LAX
1610,38447.0,DTLA,LAX
1611,38474.0,LGB,LAX
1612,38475.0,HWD,LAX
1613,38477.0,HWD,LAX
1614,38486.0,HWD,LAX
1615,38488.0,LGB,LAX
1616,38490.0,ANH,LAX
1617,38507.0,HWD,LAX
1618,38547.0,DTLA,LAX
1619,38609.0,DTLA,LAX
1620,38610.0,DTLA,LAX
1621,38615.0,HWD,LAX
1622,38623.0,LGB,LAX
1623,38666.0,ANH,LAX
1624,38678.0,ANH,LAX
1625,38679.0,DTLA,LAX
1626,38691.0,HWD,LAX
1627,38698.0,ANH,LAX
1628,38728.0,LGB,LAX
1629,38733.0,DTLA,LAX
1630,38734.0,HWD,LAX
1631,38742.0,HWD,LAX
1632,38747.0,DTLA,LAX
1633,38751.0,DTLA,LAX
1634,38767.0,ANH,LAX
1635,38769.0,LGB,LAX
1636,38837.0,ANH,LAX
1637,38842.0,LGB,LAX
1638,38848.0,ANH,LAX
1639,38868.0,DTLA,LAX
1640,38871.0,ANH,LAX
1641,38892.0,LGB,LAX
1642,38899.0,HWD,LAX
1643,38904.0,ANH,LAX
1644,38915.0,LGB,LAX
1645,38928.0,ANH,LAX
1646,38930.0,ANH,LAX
1647,38946.0,ANH,LAX
1648,38954.0,DTLA,LAX
1649,38959.0,DTLA,LAX
1650,38961.0,ANH,LAX
1651,38974.0,ANH,LAX
1652,38976.0,DTLA,LAX
1653,38993.0,DTLA,LAX
1654,39001.0,ANH,LAX
1655,39020.0,DTLA,LAX
1656,39023.0,HWD,LAX
1657,39041.0,ANH,LAX
1658,39059.0,HWD,LAX
1659,39079.0,DTLA,LAX
1660,39119.0,ANH,LAX
1661,39126.0,ANH,LAX
1662,39158.0,DTLA,LAX
1663,39164.0,HWD,LAX
1664,39186.0,DTLA,LAX
1665,39187.0,DTLA,LAX
1666,39189.0,HWD,LAX
1667,39195.0,DTLA,LAX
1668,39199.0,HWD,LAX
1669,39241.0,HWD,LAX
1670,39245.0,DTLA,LAX
1671,39279.0,HWD,LAX
1672,39305.0,HWD,LAX
1673,39308.0,HWD,LAX
1674,39321.0,ANH,LAX
1675,39326.0,DTLA,LAX
1676,39353.0,DTLA,LAX
1677,39364.0,HWD,LAX
1678,39371.0,ANH,LAX
1679,39383.0,DTLA,LAX
1680,39387.0,HWD,LAX
1681,39405.0,ANH,LAX
1682,39417.0,DTLA,LAX
1683,39478.0,DTLA,LAX
1684,39478.0,DTLA,LAX
1685,39503.0,HWD,LAX
1686,39560.0,HWD,LAX
1687,39572.0,ANH,LAX
1688,39603.0,ANH,LAX
1689,39669.0,ANH,LAX
1690,39684.0,LGB,LAX
1691,39688.0,ANH,LAX
1692,39710.0,HWD,LAX
1693,39744.0,ANH,LAX
1694,39790.0,DTLA,LAX
1695,39851.0,DTLA,LAX
1696,39866.0,DTLA,LAX
1697,39877.0,ANH,LAX
1698,39891.0,ANH,LAX
1699,39897.0,DTLA,LAX
1700,39932.0,HWD,LAX
1701,39939.0,DTLA,LAX
1702,39939.0,HWD,LAX
1703,40005.0,DTLA,LAX
1704,40016.0,HWD,LAX
1705,40019.0,ANH,LAX
1706,40037.0,DTLA,LAX
1707,40050.0,HWD,LAX
1708,40051.0,DTLA,LAX
1709,40061.0,DTLA,LAX
1710,40074.0,LGB,LAX
1711,40075.0,ANH,LAX
1712,40079.0,ANH,LAX
1713,40110.0,HWD,LAX
1714,40122.0,DTLA,LAX
1715,40133.0,ANH,LAX
1716,40146.0,HWD,LAX
1717,40152.0,HWD,LAX
1718,40159.0,LGB,LAX
1719,40163.0,LGB,LAX
1720,40219.0,LGB,LAX
1721,40222.0,DTLA,LAX
1722,40238.0,HWD,LAX
1723,40239.0,DTLA,LAX
1724,40269.0,ANH,LAX
1725,40277.0,ANH,LAX
1726,40288.0,LGB,LAX
1727,40303.0,ANH,LAX
1728,40317.0,LGB,LAX
1729,40348.0,HWD,LAX
1730,40356.0,DTLA,LAX
1731,40368.0,ANH,LAX
1732,40375.0,ANH,LAX
1733,40381.0,DTLA,LAX
1734,40386.0,ANH,LAX
1735,40394.0,DTLA,LAX
1736,40402.0,DTLA,LAX
1737,40409.0,DTLA,LAX
1738,40426.0,ANH,LAX
1739,40445.0,ANH,LAX
1740,40461.0,LGB,LAX
1741,40465.0,HWD,LAX
1742,40491.0,LGB,LAX
1743,40492.0,ANH,LAX
1744,40492.0,HWD,LAX
1745,40504.0,DTLA,LAX
1746,40521.0,LGB,LAX
1747,40527.0,DTLA,LAX
1748,40564.0,HWD,LAX
1749,40603.0,HWD,LAX
1750,40607.0,DTLA,LAX
1751,40646.0,DTLA,LAX
1752,40647.0,HWD,LAX
1753,40680.0,LGB,LAX
1754,40692.0,DTLA,LAX
1755,40703.0,DTLA,LAX
1756,40722.0,HWD,LAX
1757,40725.0,DTLA,LAX
1758,40735.0,DTLA,LAX
1759,40739.0,ANH,LAX
1760,40740.0,ANH,LAX
1761,40766.0,DTLA,LAX
1762,40774.0,DTLA,LAX
1763,40775.0,ANH,LAX
1764,40776.0,DTLA,LAX
1765,40806.0,ANH,LAX
1766,40826.0,HWD,LAX
1767,40831.0,DTLA,LAX
1768,40859.0,DTLA,LAX
1769,40862.0,DTLA,LAX
1770,40886.0,DTLA,LAX
1771,40902.0,HWD,LAX
1772,40924.0,ANH,LAX
1773,40930.0,ANH,LAX
1774,40952.0,HWD,LAX
1775,40995.0,ANH,LAX
1776,40996.0,LGB,LAX
1777,41005.0,DTLA,LAX
1778,41005.0,DTLA,LAX
1779,41005.0,HWD,LAX
1780,41005.0,ANH,LAX
1781,41011.0,HWD,LAX
1782,41011.0,DTLA,LAX
1783,41020.0,DTLA,LAX
1784,41036.0,LGB,LAX
1785,41043.0,ANH,LAX
1786,41059.0,HWD,LAX
1787,41059.0,LGB,LAX
1788,41075.0,ANH,LAX
1789,41088.0,HWD,LAX
1790,41094.0,HWD,LAX
1791,41112.0,LGB,LAX
1792,41120.0,ANH,LAX
1793,41122.0,HWD,LAX
1794,41145.0,ANH,LAX
1795,41147.0,ANH,LAX
1796,41164.0,DTLA,LAX
1797,41172.0,HWD,LAX
1798,41191.0,ANH,LAX
1799,41218.0,DTLA,LAX
1800,41220.0,HWD,LAX
1801,41237.0,DTLA,LAX
1802,41268.0,LGB,LAX
1803,41272.0,HWD,LAX
1804,41308.0,HWD,LAX
1805,41329.0,ANH,LAX
1806,41401.0,HWD,LAX
1807,41438.0,LGB,LAX
1808,41476.0,LGB,LAX
1809,41482.0,LGB,LAX
1810,41482.0,DTLA,LAX
1811,41490.0,DTLA,LAX
1812,41496.0,ANH,LAX
1813,41514.0,ANH,LAX
1814,41527.0,ANH,LAX
1815,41536.0,HWD,LAX
1816,41562.0,HWD,LAX
1817,41589.0,LGB,LAX
1818,41604.0,HWD,LAX
1819,41623.0,LGB,LAX
1820,41649.0,HWD,LAX
1821,41671.0,ANH,LAX
1822,41672.0,HWD,LAX
1823,41703.0,ANH,LAX
1824,41721.0,DTLA,LAX
1825,41734.0,ANH,LAX
1826,41743.0,DTLA,LAX
1827,41757.0,ANH,LAX
1828,41799.0,ANH,LAX
1829,41800.0,HWD,LAX
1830,41802.0,HWD,LAX
1831,41826.0,DTLA,LAX
1832,41839.0,LGB,LAX
1833,41845.0,DTLA,LAX
1834,41902.0,DTLA,LAX
1835,41906.0,ANH,LAX
1836,41920.0,HWD,LAX
1837,41926.0,DTLA,LAX
1838,41931.0,HWD,LAX
1839,41952.0,DTLA,LAX
1840,41988.0,ANH,LAX
1841,41997.0,DTLA,LAX
1842,42035.0,ANH,LAX
1843,42036.0,DTLA,LAX
1844,42037.0,LGB,LAX
1845,42079.0,LGB,LAX
1846,42086.0,LGB,LAX
1847,42094.0,ANH,LAX
1848,42141.0,HWD,LAX
1849,42151.0,HWD,LAX
1850,42180.0,HWD,LAX
1851,42252.0,LGB,LAX
1852,42302.0,DTLA,LAX
1853,42324.0,LGB,LAX
1854,42345.0,HWD,LAX
1855,42357.0,HWD,LAX
1856,42383.0,DTLA,LAX
1857,42429.0,DTLA,LAX
1858,42444.0,HWD,LAX
1859,42479.0,HWD,LAX
1860,42490.0,DTLA,LAX
1861,42506.0,ANH,LAX
1862,42508.0,DTLA,LAX
1863,42509.0,DTLA,LAX
1864,42570.0,ANH,LAX
1865,42595.0,DTLA,LAX
1866,42631.0,ANH,LAX
1867,42636.0,ANH,LAX
1868,42649.0,DTLA,LAX
1869,42700.0,HWD,LAX
1870,42715.0,DTLA,LAX
1871,42737.0,ANH,LAX
1872,42745.0,LGB,LAX
1873,42752.0,LGB,LAX
1874,42776.0,DTLA,LAX
1875,42790.0,LGB,LAX
1876,42794.0,LGB,LAX
1877,42813.0,DTLA,LAX
1878,42831.0,DTLA,LAX
1879,42842.0,HWD,LAX
1880,42844.0,DTLA,LAX
1881,42865.0,ANH,LAX
1882,42876.0,ANH,LAX
1883,42909.0,ANH,LAX
1884,42918.0,ANH,LAX
1885,42964.0,DTLA,LAX
1886,42995.0,HWD,LAX
1887,42999.0,DTLA,LAX
1888,43020.0,DTLA,LAX
1889,43030.0,ANH,LAX
1890,43065.0,ANH,LAX
1891,43066.0,HWD,LAX
1892,43093.0,HWD,LAX
1893,43151.0,HWD,LAX
1894,43196.0,ANH,LAX
1895,43212.0,ANH,LAX
1896,43222.0,ANH,LAX
1897,43223.0,ANH,LAX
1898,43244.0,DTLA,LAX
1899,43259.0,LGB,LAX
1900,43272.0,DTLA,LAX
1901,43286.0,HWD,LAX
1902,43307.0,HWD,LAX
1903,43309.0,ANH,LAX
1904,43316.0,HWD,LAX
1905,43317.0,HWD,LAX
1906,43325.0,DTLA,LAX
1907,43363.0,ANH,LAX
1908,43364.0,ANH,LAX
1909,43428.0,LGB,LAX
1910,43442.0,HWD,LAX
1911,43447.0,ANH,LAX
1912,43488.0,LGB,LAX
1913,43532.0,LGB,LAX
1914,43541.0,DTLA,LAX
1915,43551.0,DTLA,LAX
1916,43575.0,HWD,LAX
1917,43599.0,HWD,LAX
1918,43603.0,LGB,LAX
1919,43613.0,DTLA,LAX
1920,43629.0,ANH,LAX
1921,43643.0,ANH,LAX
1922,43651.0,ANH,LAX
1923,43655.0,HWD,LAX
1924,43659.0,LGB,LAX
1925,43668.0,ANH,LAX
1926,43678.0,LGB,LAX
1927,43745.0,ANH,LAX
1928,43758.0,ANH,LAX
1929,43795.0,LGB,LAX
1930,43835.0,DTLA,LAX
1931,43839.0,ANH,LAX
1932,43856.0,ANH,LAX
1933,43913.0,HWD,LAX
1934,43944.0,DTLA,LAX
1935,43947.0,DTLA,LAX
1936,44006.0,DTLA,LAX
1937,44027.0,HWD,LAX
1938,44045.0,HWD,LAX
1939,44046.0,LGB,LAX
1940,44059.0,LGB,LAX
1941,44062.0,ANH,LAX
1942,44067.0,ANH,LAX
1943,44135.0,DTLA,LAX
1944,44136.0,DTLA,LAX
1945,44168.0,LGB,LAX
1946,44170.0,LGB,LAX
1947,44199.0,DTLA,LAX
1948,44201.0,DTLA,LAX
1949,44264.0,LGB,LAX
1950,44266.0,DTLA,LAX
1951,44296.0,HWD,LAX
1952,44301.0,ANH,LAX
1953,44307.0,DTLA,LAX
1954,44330.0,LGB,LAX
1955,44350.0,LGB,LAX
1956,44351.0,DTLA,LAX
1957,44352.0,LGB,LAX
1958,44376.0,LGB,LAX
1959,44418.0,DTLA,LAX
1960,44433.0,HWD,LAX
1961,44433.0,ANH,LAX
1962,44436.0,ANH,LAX
1963,44442.0,ANH,LAX
1964,44449.0,HWD,LAX
1965,44450.0,DTLA,LAX
1966,44461.0,ANH,LAX
1967,44492.0,ANH,LAX
1968,44498.0,ANH,LAX
1969,44509.0,DTLA,LAX
1970,44516.0,DTLA,LAX
1971,44539.0,LGB,LAX
1972,44541.0,LGB,LAX
1973,44564.0,DTLA,LAX
1974,44570.0,LGB,LAX
1975,44577.0,LGB,LAX
1976,44605.0,LGB,LAX
1977,44669.0,ANH,LAX
1978,44684.0,DTLA,LAX
1979,44694.0,HWD,LAX
1980,44716.0,ANH,LAX
1981,44757.0,ANH,LAX
1982,44771.0,ANH,LAX
1983,44844.0,LGB,LAX
1984,44855.0,HWD,LAX
1985,44867.0,ANH,LAX
1986,44880.0,HWD,LAX
1987,44883.0,LGB,LAX
1988,44961.0,HWD,LAX
1989,44967.0,DTLA,LAX
1990,45010.0,HWD,LAX
1991,45045.0,ANH,LAX
1992,45057.0,HWD,LAX
1993,45155.0,ANH,LAX
1994,45170.0,HWD,LAX
1995,45182.0,HWD,LAX
1996,45225.0,LGB,LAX
1997,45228.0,ANH,LAX
1998,45262.0,DTLA,LAX
1999,45266.0,DTLA,LAX
2000,45296.0,DTLA,LAX
2001,45323.0,HWD,LAX
2002,45323.0,DTLA,LAX
2003,45336.0,DTLA,LAX
2004,45351.0,LGB,LAX
2005,45370.0,LGB,LAX
2006,45378.0,DTLA,LAX
2007,45380.0,ANH,LAX
2008,45387.0,DTLA,LAX
2009,45419.0,LGB,LAX
2010,45427.0,LGB,LAX
2011,45433.0,ANH,LAX
2012,45440.0,ANH,LAX
2013,45464.0,LGB,LAX
2014,45537.0,DTLA,LAX
2015,45562.0,ANH,LAX
2016,45580.0,HWD,LAX
2017,45613.0,DTLA,LAX
2018,45642.0,LGB,LAX
2019,45649.0,LGB,LAX
2020,45704.0,DTLA,LAX
2021,45737.0,ANH,LAX
2022,45768.0,DTLA,LAX
2023,45801.0,DTLA,LAX
2024,45868.0,DTLA,LAX
2025,45873.0,DTLA,LAX
2026,45877.0,DTLA,LAX
2027,45886.0,LGB,LAX
2028,45940.0,DTLA,LAX
2029,45954.0,ANH,LAX
2030,45986.0,DTLA,LAX
2031,46010.0,ANH,LAX
2032,46031.0,ANH,LAX
2033,46043.0,ANH,LAX
2034,46075.0,DTLA,LAX
2035,46149.0,DTLA,LAX
2036,46189.0,DTLA,LAX
2037,46244.0,DTLA,LAX
2038,46245.0,LGB,LAX
2039,46246.0,DTLA,LAX
2040,46266.0,ANH,LAX
2041,46322.0,DTLA,LAX
2042,46333.0,DTLA,LAX
2043,46340.0,LGB,LAX
2044,46341.0,DTLA,LAX
2045,46355.0,ANH,LAX
2046,46406.0,DTLA,LAX
2047,46409.0,ANH,LAX
2048,46412.0,HWD,LAX
2049,46451.0,LGB,LAX
2050,46458.0,DTLA,LAX
2051,46518.0,DTLA,LAX
2052,46521.0,LGB,LAX
2053,46527.0,DTLA,LAX
2054,46532.0,ANH,LAX
2055,46550.0,ANH,LAX
2056,46550.0,LGB,LAX
2057,46605.0,DTLA,LAX
2058,46637.0,HWD,LAX
2059,46651.0,HWD,LAX
2060,46654.0,LGB,LAX
2061,46664.0,LGB,LAX
2062,46668.0,DTLA,LAX
2063,46669.0,HWD,LAX
2064,46679.0,LGB,LAX
2065,46700.0,ANH,LAX
2066,46727.0,ANH,LAX
2067,46730.0,ANH,LAX
2068,46770.0,DTLA,LAX
2069,46840.0,ANH,LAX
2070,46865.0,HWD,LAX
2071,46876.0,LGB,LAX
2072,46923.0,LGB,LAX
2073,46932.0,HWD,LAX
2074,46997.0,ANH,LAX
2075,47011.0,HWD,LAX
2076,47015.0,LGB,LAX
2077,47028.0,ANH,LAX
2078,47029.0,DTLA,LAX
2079,47049.0,ANH,LAX
2080,47083.0,LGB,LAX
2081,47108.0,ANH,LAX
2082,47111.0,ANH,LAX
2083,47114.0,HWD,LAX
2084,47131.0,DTLA,LAX
2085,47172.0,HWD,LAX
2086,47201.0,HWD,LAX
2087,47209.0,DTLA,LAX
2088,47244.0,DTLA,LAX
2089,47309.0,DTLA,LAX
2090,47336.0,DTLA,LAX
2091,47354.0,LGB,LAX
2092,47370.0,DTLA,LAX
2093,47393.0,DTLA,LAX
2094,47401.0,DTLA,LAX
2095,47418.0,DTLA,LAX
2096,47459.0,ANH,LAX
2097,47461.0,ANH,LAX
2098,47492.0,HWD,LAX
2099,47492.0,LGB,LAX
2100,47495.0,ANH,LAX
2101,47509.0,HWD,LAX
2102,47519.0,DTLA,LAX
2103,47525.0,DTLA,LAX
2104,47527.0,HWD,LAX
2105,47559.0,DTLA,LAX
2106,47561.0,ANH,LAX
2107,47569.0,ANH,LAX
2108,47588.0,HWD,LAX
2109,47621.0,LGB,LAX
2110,47641.0,ANH,LAX
2111,47694.0,HWD,LAX
2112,47695.0,ANH,LAX
2113,47710.0,HWD,LAX
2114,47805.0,ANH,LAX
2115,47823.0,DTLA,LAX
2116,47839.0,ANH,LAX
2117,47844.0,DTLA,LAX
2118,47879.0,DTLA,LAX
2119,47925.0,DTLA,LAX
2120,47927.0,HWD,LAX
2121,47932.0,DTLA,LAX
2122,47957.0,ANH,LAX
2123,47959.0,HWD,LAX
2124,47970.0,ANH,LAX
2125,48014.0,ANH,LAX
2126,48025.0,LGB,LAX
2127,48030.0,ANH,LAX
2128,48039.0,HWD,LAX
2129,48054.0,HWD,LAX
2130,48095.0,LGB,LAX
2131,48098.0,DTLA,LAX
2132,48115.0,HWD,LAX
2133,48137.0,ANH,LAX
2134,48190.0,LGB,LAX
2135,48193.0,LGB,LAX
2136,48193.0,HWD,LAX
2137,48205.0,DTLA,LAX
2138,48241.0,DTLA,LAX
2139,48244.0,HWD,LAX
2140,48263.0,HWD,LAX
2141,48269.0,DTLA,LAX
2142,48271.0,LGB,LAX
2143,48317.0,DTLA,LAX
2144,48335.0,ANH,LAX
2145,48354.0,DTLA,LAX
2146,48364.0,ANH,LAX
2147,48392.0,DTLA,LAX
2148,48411.0,ANH,LAX
2149,48430.0,ANH,LAX
2150,48438.0,ANH,LAX
2151,48451.0,HWD,LAX
2152,48459.0,ANH,LAX
2153,48469.0,DTLA,LAX
2154,48471.0,HWD,LAX
2155,48482.0,HWD,LAX
2156,48487.0,ANH,LAX
2157,48508.0,DTLA,LAX
2158,48524.0,ANH,LAX
2159,48525.0,LGB,LAX
2160,48530.0,DTLA,LAX
2161,48530.0,ANH,LAX
2162,48535.0,DTLA,LAX
2163,48543.0,DTLA,LAX
2164,48608.0,HWD,LAX
2165,48611.0,ANH,LAX
2166,48618.0,LGB,LAX
2167,48671.0,LGB,LAX
2168,48672.0,ANH,LAX
2169,48681.0,ANH,LAX
2170,48698.0,DTLA,LAX
2171,48713.0,HWD,LAX
2172,48717.0,DTLA,LAX
2173,48733.0,HWD,LAX
2174,48749.0,HWD,LAX
2175,48771.0,ANH,LAX
2176,48776.0,ANH,LAX
2177,48777.0,HWD,LAX
2178,48780.0,ANH,LAX
2179,48799.0,LGB,LAX
2180,48815.0,DTLA,LAX
2181,48855.0,ANH,LAX
2182,48868.0,ANH,LAX
2183,48870.0,DTLA,LAX
2184,48874.0,HWD,LAX
2185,48877.0,LGB,LAX
2186,48891.0,DTLA,LAX
2187,48906.0,ANH,LAX
2188,48909.0,ANH,LAX
2189,48920.0,DTLA,LAX
2190,48924.0,HWD,LAX
2191,48924.0,HWD,LAX
2192,48933.0,LGB,LAX
2193,48944.0,DTLA,LAX
2194,48945.0,ANH,LAX
2195,48970.0,HWD,LAX
2196,48970.0,ANH,LAX
2197,48972.0,DTLA,LAX
2198,48974.0,HWD,LAX
2199,48991.0,ANH,LAX
2200,49004.0,ANH,LAX
2201,49022.0,ANH,LAX
2202,49087.0,HWD,LAX
2203,49105.0,ANH,LAX
2204,49109.0,HWD,LAX
2205,49124.0,ANH,LAX
2206,49130.0,DTLA,LAX
2207,49146.0,HWD,LAX
2208,49148.0,DTLA,LAX
2209,49183.0,ANH,LAX
2210,49187.0,ANH,LAX
2211,49203.0,DTLA,LAX
2212,49208.0,ANH,LAX
2213,49223.0,DTLA,LAX
2214,49231.0,ANH,LAX
2215,49233.0,ANH,LAX
2216,49234.0,ANH,LAX
2217,49243.0,DTLA,LAX
2218,49262.0,DTLA,LAX
2219,49268.0,HWD,LAX
2220,49288.0,ANH,LAX
2221,49307.0,ANH,LAX
2222,49339.0,ANH,LAX
2223,49340.0,DTLA,LAX
2224,49380.0,DTLA,LAX
2225,49412.0,DTLA,LAX
2226,49414.0,ANH,LAX
2227,49425.0,ANH,LAX
2228,49458.0,LGB,LAX
2229,49459.0,LGB,LAX
2230,49488.0,LGB,LAX
2231,49501.0,DTLA,LAX
2232,49507.0,LGB,LAX
2233,49510.0,LGB,LAX
2234,49541.0,HWD,LAX
2235,49568.0,HWD,LAX
2236,49578.0,DTLA,LAX
2237,49580.0,DTLA,LAX
2238,49594.0,DTLA,LAX
2239,49619.0,ANH,LAX
2240,49637.0,HWD,LAX
2241,49663.0,LGB,LAX
2242,49672.0,DTLA,LAX
2243,49700.0,DTLA,LAX
2244,49701.0,DTLA,LAX
2245,49714.0,DTLA,LAX
2246,49720.0,HWD,LAX
2247,49724.0,ANH,LAX
2248,49760.0,DTLA,LAX
2249,49775.0,LGB,LAX
2250,49821.0,HWD,LAX
2251,49842.0,DTLA,LAX
2252,49842.0,LGB,LAX
2253,49913.0,ANH,LAX
2254,50002.0,DTLA,LAX
2255,50010.0,DTLA,LAX
2256,50027.0,ANH,LAX
2257,50032.0,HWD,LAX
2258,50034.0,ANH,LAX
2259,50038.0,LGB,LAX
2260,50048.0,DTLA,LAX
2261,50075.0,LGB,LAX
2262,50081.0,LGB,LAX
2263,50087.0,DTLA,LAX
2264,50100.0,LGB,LAX
2265,50113.0,HWD,LAX
2266,50137.0,DTLA,LAX
2267,50198.0,HWD,LAX
2268,50217.0,LGB,LAX
2269,50228.0,ANH,LAX
2270,50253.0,HWD,LAX
2271,50301.0,DTLA,LAX
2272,50345.0,DTLA,LAX
2273,50345.0,DTLA,LAX
2274,50350.0,HWD,LAX
2275,50370.0,LGB,LAX
2276,50387.0,ANH,LAX
2277,50419.0,DTLA,LAX
2278,50445.0,HWD,LAX
2279,50531.0,DTLA,LAX
2280,50589.0,DTLA,LAX
2281,50601.0,DTLA,LAX
2282,50633.0,DTLA,LAX
2283,50636.0,HWD,LAX
2284,50694.0,LGB,LAX
2285,50695.0,DTLA,LAX
2286,50731.0,DTLA,LAX
2287,50800.0,HWD,LAX
2288,50806.0,HWD,LAX
2289,50814.0,ANH,LAX
2290,50827.0,LGB,LAX
2291,50841.0,LGB,LAX
2292,50848.0,DTLA,LAX
2293,50859.0,HWD,LAX
2294,50868.0,HWD,LAX
2295,50879.0,LGB,LAX
2296,50884.0,DTLA,LAX
2297,50925.0,LGB,LAX
2298,50939.0,ANH,LAX
2299,50950.0,LGB,LAX
2300,50956.0,ANH,LAX
2301,50961.0,DTLA,LAX
2302,50978.0,ANH,LAX
2303,50988.0,HWD,LAX
2304,50990.0,DTLA,LAX
2305,51038.0,HWD,LAX
2306,51041.0,DTLA,LAX
2307,51041.0,ANH,LAX
2308,51050.0,DTLA,LAX
2309,51075.0,HWD,LAX
2310,51083.0,DTLA,LAX
2311,51102.0,LGB,LAX
2312,51121.0,LGB,LAX
2313,51160.0,DTLA,LAX
2314,51223.0,LGB,LAX
2315,51245.0,HWD,LAX
2316,51264.0,ANH,LAX
2317,51265.0,ANH,LAX
2318,51267.0,LGB,LAX
2319,51271.0,HWD,LAX
2320,51274.0,ANH,LAX
2321,51285.0,HWD,LAX
2322,51341.0,DTLA,LAX
2323,51360.0,ANH,LAX
2324,51391.0,DTLA,LAX
2325,51410.0,DTLA,LAX
2326,51435.0,HWD,LAX
2327,51443.0,ANH,LAX
2328,51477.0,LGB,LAX
2329,51504.0,HWD,LAX
2330,51575.0,DTLA,LAX
2331,51579.0,DTLA,LAX
2332,51586.0,HWD,LAX
2333,51659.0,LGB,LAX
2334,51686.0,LGB,LAX
2335,51719.0,DTLA,LAX
2336,51732.0,DTLA,LAX
2337,51761.0,HWD,LAX
2338,51777.0,HWD,LAX
2339,51803.0,ANH,LAX
2340,51860.0,LGB,LAX
2341,51908.0,ANH,LAX
2342,51910.0,ANH,LAX
2343,51918.0,ANH,LAX
2344,51944.0,LGB,LAX
2345,51946.0,ANH,LAX
2346,51963.0,DTLA,LAX
2347,52059.0,ANH,LAX
2348,52077.0,LGB,LAX
2349,52114.0,HWD,LAX
2350,52128.0,HWD,LAX
2351,52152.0,ANH,LAX
2352,52153.0,HWD,LAX
2353,52155.0,ANH,LAX
2354,52180.0,ANH,LAX
2355,52191.0,DTLA,LAX
2356,52191.0,LGB,LAX
2357,52255.0,HWD,LAX
2358,52271.0,HWD,LAX
2359,52317.0,LGB,LAX
2360,52331.0,LGB,LAX
2361,52337.0,HWD,LAX
2362,52362.0,DTLA,LAX
2363,52364.0,LGB,LAX
2364,52372.0,LGB,LAX
2365,52381.0,DTLA,LAX
2366,52401.0,ANH,LAX
2367,52413.0,DTLA,LAX
2368,52422.0,DTLA,LAX
2369,52425.0,ANH,LAX
2370,52431.0,LGB,LAX
2371,52488.0,ANH,LAX
2372,52524.0,LGB,LAX
2373,52618.0,DTLA,LAX
2374,52628.0,LGB,LAX
2375,52688.0,LGB,LAX
2376,52693.0,ANH,LAX
2377,52705.0,LGB,LAX
2378,52751.0,HWD,LAX
2379,52760.0,LGB,LAX
2380,52783.0,HWD,LAX
2381,52790.0,ANH,LAX
2382,52811.0,ANH,LAX
2383,52843.0,ANH,LAX
2384,52854.0,HWD,LAX
2385,52877.0,HWD,LAX
2386,52914.0,HWD,LAX
2387,52922.0,ANH,LAX
2388,52924.0,LGB,LAX
2389,52938.0,DTLA,LAX
2390,52970.0,DTLA,LAX
2391,53027.0,HWD,LAX
2392,53055.0,DTLA,LAX
2393,53099.0,ANH,LAX
2394,53132.0,ANH,LAX
2395,53135.0,LGB,LAX
2396,53163.0,DTLA,LAX
2397,53196.0,LGB,LAX
2398,53211.0,HWD,LAX
2399,53254.0,DTLA,LAX
2400,53271.0,DTLA,LAX
2401,53278.0,DTLA,LAX
2402,53283.0,DTLA,LAX
2403,53289.0,DTLA,LAX
2404,53507.0,DTLA,LAX
2405,53521.0,DTLA,LAX
2406,53575.0,DTLA,LAX
2407,53589.0,DTLA,LAX
2408,53622.0,ANH,LAX
2409,53631.0,ANH,LAX
2410,53644.0,HWD,LAX
2411,53739.0,DTLA,LAX
2412,53741.0,DTLA,LAX
2413,53748.0,HWD,LAX
2414,53757.0,LGB,LAX
2415,53767.0,LGB,LAX
2416,53813.0,HWD,LAX
2417,53823.0,DTLA,LAX
2418,53831.0,DTLA,LAX
2419,53838.0,DTLA,LAX
2420,53843.0,HWD,LAX
2421,53861.0,ANH,LAX
2422,53938.0,HWD,LAX
2423,53965.0,LGB,LAX
2424,53985.0,HWD,LAX
2425,54027.0,DTLA,LAX
2426,54029.0,ANH,LAX
2427,54053.0,HWD,LAX
2428,54062.0,HWD,LAX
2429,54067.0,DTLA,LAX
2430,54075.0,DTLA,LAX
2431,54075.0,ANH,LAX
2432,54077.0,ANH,LAX
2433,54110.0,LGB,LAX
2434,54154.0,DTLA,LAX
2435,54161.0,HWD,LAX
2436,54165.0,DTLA,LAX
2437,54169.0,ANH,LAX
2438,54183.0,HWD,LAX
2439,54208.0,DTLA,LAX
2440,54257.0,ANH,LAX
2441,54276.0,ANH,LAX
2442,54284.0,HWD,LAX
2443,54287.0,DTLA,LAX
2444,54334.0,LGB,LAX
2445,54339.0,ANH,LAX
2446,54365.0,DTLA,LAX
2447,54374.0,ANH,LAX
2448,54406.0,HWD,LAX
2449,54416.0,DTLA,LAX
2450,54431.0,ANH,LAX
2451,54449.0,LGB,LAX
2452,54453.0,ANH,LAX
2453,54457.0,DTLA,LAX
2454,54458.0,DTLA,LAX
2455,54468.0,HWD,LAX
2456,54478.0,DTLA,LAX
2457,54493.0,ANH,LAX
2458,54513.0,HWD,LAX
2459,54521.0,LGB,LAX
2460,54533.0,DTLA,LAX
2461,54534.0,DTLA,LAX
2462,54568.0,HWD,LAX
2463,54611.0,DTLA,LAX
2464,54619.0,HWD,LAX
2465,54658.0,DTLA,LAX
2466,54678.0,ANH,LAX
2467,54682.0,HWD,LAX
2468,54684.0,DTLA,LAX
2469,54707.0,LGB,LAX
2470,54717.0,ANH,LAX
2471,54757.0,DTLA,LAX
2472,54810.0,DTLA,LAX
2473,54822.0,HWD,LAX
2474,54846.0,HWD,LAX
2475,54850.0,ANH,LAX
2476,54859.0,DTLA,LAX
2477,54860.0,DTLA,LAX
2478,54903.0,HWD,LAX
2479,54923.0,DTLA,LAX
2480,54948.0,DTLA,LAX
2481,54968.0,LGB,LAX
2482,54983.0,DTLA,LAX
2483,54991.0,ANH,LAX
2484,55001.0,DTLA,LAX
2485,55002.0,DTLA,LAX
2486,55012.0,DTLA,LAX
2487,55014.0,DTLA,LAX
2488,55022.0,ANH,LAX
2489,55023.0,ANH,LAX
2490,55027.0,LGB,LAX
2491,55048.0,LGB,LAX
2492,55058.0,DTLA,LAX
2493,55067.0,LGB,LAX
2494,55106.0,ANH,LAX
2495,55135.0,ANH,LAX
2496,55139.0,DTLA,LAX
2497,55145.0,DTLA,LAX
2498,55181.0,ANH,LAX
2499,55220.0,LGB,LAX
2500,55229.0,DTLA,LAX
2501,55231.0,ANH,LAX
2502,55245.0,HWD,LAX
2503,55258.0,DTLA,LAX
2504,55267.0,LGB,LAX
2505,55272.0,HWD,LAX
2506,55293.0,HWD,LAX
2507,55334.0,ANH,LAX
2508,55345.0,ANH,LAX
2509,55360.0,DTLA,LAX
2510,55387.0,DTLA,LAX
2511,55407.0,HWD,LAX
2512,55424.0,HWD,LAX
2513,55486.0,LGB,LAX
2514,55506.0,DTLA,LAX
2515,55554.0,HWD,LAX
2516,55586.0,DTLA,LAX
2517,55596.0,HWD,LAX
2518,55608.0,HWD,LAX
2519,55657.0,DTLA,LAX
2520,55687.0,ANH,LAX
2521,55759.0,LGB,LAX
2522,55767.0,ANH,LAX
2523,55822.0,LGB,LAX
2524,55826.0,ANH,LAX
2525,55857.0,LGB,LAX
2526,55872.0,DTLA,LAX
2527,55884.0,HWD,LAX
2528,55884.0,ANH,LAX
2529,55886.0,ANH,LAX
2530,55905.0,ANH,LAX
2531,55927.0,HWD,LAX
2532,55968.0,DTLA,LAX
2533,55988.0,DTLA,LAX
2534,56014.0,DTLA,LAX
2535,56019.0,DTLA,LAX
2536,56027.0,HWD,LAX
2537,56061.0,DTLA,LAX
2538,56130.0,HWD,LAX
2539,56141.0,ANH,LAX
2540,56164.0,HWD,LAX
2541,56170.0,LGB,LAX
2542,56181.0,DTLA,LAX
2543,56188.0,DTLA,LAX
2544,56226.0,LGB,LAX
2545,56258.0,DTLA,LAX
2546,56303.0,LGB,LAX
2547,56320.0,HWD,LAX
2548,56373.0,DTLA,LAX
2549,56374.0,ANH,LAX
2550,56384.0,ANH,LAX
2551,56477.0,HWD,LAX
2552,56512.0,HWD,LAX
2553,56539.0,ANH,LAX
2554,56540.0,HWD,LAX
2555,56542.0,HWD,LAX
2556,56554.0,LGB,LAX
2557,56648.0,HWD,LAX
2558,56783.0,DTLA,LAX
2559,56818.0,ANH,LAX
2560,56824.0,ANH,LAX
2561,56858.0,LGB,LAX
2562,56867.0,DTLA,LAX
2563,56888.0,LGB,LAX
2564,56937.0,ANH,LAX
2565,56938.0,DTLA,LAX
2566,56957.0,ANH,LAX
2567,56957.0,LGB,LAX
2568,56984.0,ANH,LAX
2569,56997.0,HWD,LAX
2570,57008.0,HWD,LAX
2571,57015.0,HWD,LAX
2572,57056.0,DTLA,LAX
2573,57165.0,ANH,LAX
2574,57180.0,HWD,LAX
2575,57183.0,ANH,LAX
2576,57208.0,DTLA,LAX
2577,57260.0,LGB,LAX
2578,57268.0,DTLA,LAX
2579,57270.0,DTLA,LAX
2580,57273.0,ANH,LAX
2581,57274.0,LGB,LAX
2582,57290.0,DTLA,LAX
2583,57317.0,LGB,LAX
2584,57350.0,ANH,LAX
2585,57361.0,HWD,LAX
2586,57386.0,LGB,LAX
2587,57389.0,DTLA,LAX
2588,57394.0,DTLA,LAX
2589,57426.0,DTLA,LAX
2590,57448.0,HWD,LAX
2591,57455.0,LGB,LAX
2592,57462.0,DTLA,LAX
2593,57467.0,ANH,LAX
2594,57574.0,LGB,LAX
2595,57577.0,ANH,LAX
2596,57623.0,DTLA,LAX
2597,57674.0,ANH,LAX
2598,57691.0,DTLA,LAX
2599,57692.0,LGB,LAX
2600,57716.0,ANH,LAX
2601,57729.0,ANH,LAX
2602,57741.0,HWD,LAX
2603,57751.0,HWD,LAX
2604,57774.0,ANH,LAX
2605,57791.0,HWD,LAX
2606,57799.0,ANH,LAX
2607,57804.0,LGB,LAX
2608,57883.0,ANH,LAX
2609,57893.0,ANH,LAX
2610,57933.0,HWD,LAX
2611,57980.0,LGB,LAX
2612,57984.0,ANH,LAX
2613,57988.0,LGB,LAX
2614,57991.0,LGB,LAX
2615,57992.0,LGB,LAX
2616,58010.0,LGB,LAX
2617,58027.0,DTLA,LAX
2618,58049.0,LGB,LAX
2619,58051.0,LGB,LAX
2620,58066.0,ANH,LAX
2621,58080.0,DTLA,LAX
2622,58089.0,HWD,LAX
2623,58093.0,LGB,LAX
2624,58173.0,ANH,LAX
2625,58187.0,LGB,LAX
2626,58188.0,HWD,LAX
2627,58191.0,ANH,LAX
2628,58304.0,ANH,LAX
2629,58305.0,DTLA,LAX
2630,58311.0,DTLA,LAX
2631,58375.0,HWD,LAX
2632,58407.0,HWD,LAX
2633,58461.0,DTLA,LAX
2634,58492.0,ANH,LAX
2635,58499.0,HWD,LAX
2636,58508.0,LGB,LAX
2637,58519.0,LGB,LAX
2638,58560.0,DTLA,LAX
2639,58561.0,DTLA,LAX
2640,58568.0,DTLA,LAX
2641,58599.0,DTLA,LAX
2642,58606.0,ANH,LAX
2643,58663.0,HWD,LAX
2644,58665.0,ANH,LAX
2645,58667.0,ANH,LAX
2646,58678.0,DTLA,LAX
2647,58688.0,HWD,LAX
2648,58693.0,DTLA,LAX
2649,58698.0,HWD,LAX
2650,58727.0,ANH,LAX
2651,58740.0,DTLA,LAX
2652,58745.0,HWD,LAX
2653,58786.0,DTLA,LAX
2654,58788.0,DTLA,LAX
2655,58834.0,DTLA,LAX
2656,58861.0,HWD,LAX
2657,58868.0,ANH,LAX
2658,58912.0,DTLA,LAX
2659,58959.0,LGB,LAX
2660,58978.0,ANH,LAX
2661,59017.0,DTLA,LAX
2662,59017.0,ANH,LAX
2663,59022.0,DTLA,LAX
2664,59047.0,DTLA,LAX
2665,59082.0,DTLA,LAX
2666,59112.0,ANH,LAX
2667,59131.0,ANH,LAX
2668,59169.0,ANH,LAX
2669,59191.0,ANH,LAX
2670,59227.0,DTLA,LAX
2671,59268.0,DTLA,LAX
2672,59272.0,DTLA,LAX
2673,59309.0,ANH,LAX
2674,59331.0,DTLA,LAX
2675,59361.0,DTLA,LAX
2676,59395.0,HWD,LAX
2677,59417.0,HWD,LAX
2678,59422.0,ANH,LAX
2679,59441.0,ANH,LAX
2680,59447.0,LGB,LAX
2681,59554.0,DTLA,LAX
2682,59557.0,ANH,LAX
2683,59573.0,ANH,LAX
2684,59578.0,DTLA,LAX
2685,59593.0,DTLA,LAX
2686,59615.0,HWD,LAX
2687,59623.0,HWD,LAX
2688,59650.0,ANH,LAX
2689,59701.0,LGB,LAX
2690,59748.0,LGB,LAX
2691,59779.0,HWD,LAX
2692,59780.0,DTLA,LAX
2693,59903.0,LGB,LAX
2694,59917.0,DTLA,LAX
2695,59940.0,ANH,LAX
2696,59955.0,DTLA,LAX
2697,59982.0,ANH,LAX
2698,59984.0,DTLA,LAX
2699,59986.0,DTLA,LAX
2700,60007.0,ANH,LAX
2701,60017.0,DTLA,LAX
2702,60050.0,DTLA,LAX
2703,60064.0,DTLA,LAX
2704,60104.0,ANH,LAX
2705,60118.0,HWD,LAX
2706,60191.0,DTLA,LAX
2707,60208.0,ANH,LAX
2708,60218.0,DTLA,LAX
2709,60226.0,DTLA,LAX
2710,60242.0,LGB,LAX
2711,60296.0,HWD,LAX
2712,60297.0,ANH,LAX
2713,60306.0,LGB,LAX
2714,60316.0,HWD,LAX
2715,60329.0,DTLA,LAX
2716,60351.0,DTLA,LAX
2717,60361.0,LGB,LAX
2718,60362.0,DTLA,LAX
2719,60371.0,DTLA,LAX
2720,60430.0,DTLA,LAX
2721,60437.0,DTLA,LAX
2722,60466.0,ANH,LAX
2723,60528.0,DTLA,LAX
2724,60544.0,DTLA,LAX
2725,60574.0,LGB,LAX
2726,60581.0,DTLA,LAX
2727,60591.0,DTLA,LAX
2728,60614.0,HWD,LAX
2729,60631.0,ANH,LAX
2730,60642.0,HWD,LAX
2731,60666.0,ANH,LAX
2732,60676.0,DTLA,LAX
2733,60736.0,LGB,LAX
2734,60739.0,ANH,LAX
2735,60750.0,ANH,LAX
2736,60759.0,HWD,LAX
2737,60762.0,ANH,LAX
2738,60792.0,LGB,LAX
2739,60838.0,ANH,LAX
2740,60886.0,DTLA,LAX
2741,60918.0,LGB,LAX
2742,60927.0,DTLA,LAX
2743,60936.0,ANH,LAX
2744,60957.0,HWD,LAX
2745,61021.0,HWD,LAX
2746,61028.0,ANH,LAX
2747,61067.0,ANH,LAX
2748,61099.0,HWD,LAX
2749,61163.0,ANH,LAX
2750,61244.0,LGB,LAX
2751,61244.0,ANH,LAX
2752,61247.0,ANH,LAX
2753,61257.0,LGB,LAX
2754,61271.0,DTLA,LAX
2755,61299.0,LGB,LAX
2756,61361.0,DTLA,LAX
2757,61375.0,HWD,LAX
2758,61432.0,DTLA,LAX
2759,61436.0,LGB,LAX
2760,61446.0,LGB,LAX
2761,61467.0,ANH,LAX
2762,61474.0,LGB,LAX
2763,61505.0,HWD,LAX
2764,61511.0,ANH,LAX
2765,61520.0,DTLA,LAX
2766,61548.0,HWD,LAX
2767,61551.0,LGB,LAX
2768,61624.0,DTLA,LAX
2769,61638.0,LGB,LAX
2770,61640.0,ANH,LAX
2771,61643.0,LGB,LAX
2772,61663.0,ANH,LAX
2773,61665.0,DTLA,LAX
2774,61760.0,LGB,LAX
2775,61797.0,HWD,LAX
2776,61799.0,ANH,LAX
2777,61803.0,ANH,LAX
2778,61821.0,HWD,LAX
2779,61862.0,DTLA,LAX
2780,61863.0,LGB,LAX
2781,61871.0,DTLA,LAX
2782,61951.0,LGB,LAX
2783,61961.0,ANH,LAX
2784,61971.0,ANH,LAX
2785,61983.0,HWD,LAX
2786,61995.0,HWD,LAX
2787,62034.0,HWD,LAX
2788,62037.0,DTLA,LAX
2789,62054.0,DTLA,LAX
2790,62087.0,DTLA,LAX
2791,62087.0,DTLA,LAX
2792,62103.0,DTLA,LAX
2793,62120.0,LGB,LAX
2794,62151.0,HWD,LAX
2795,62168.0,LGB,LAX
2796,62187.0,LGB,LAX
2797,62195.0,DTLA,LAX
2798,62200.0,ANH,LAX
2799,62208.0,LGB,LAX
2800,62222.0,LGB,LAX
2801,62248.0,ANH,LAX
2802,62282.0,LGB,LAX
2803,62287.0,LGB,LAX
2804,62307.0,DTLA,LAX
2805,62343.0,ANH,LAX
2806,62476.0,LGB,LAX
2807,62484.0,DTLA,LAX
2808,62504.0,HWD,LAX
2809,62538.0,HWD,LAX
2810,62561.0,DTLA,LAX
2811,62670.0,DTLA,LAX
2812,62692.0,HWD,LAX
2813,62696.0,ANH,LAX
2814,62725.0,HWD,LAX
2815,62749.0,LGB,LAX
2816,62750.0,DTLA,LAX
2817,62794.0,DTLA,LAX
2818,62800.0,ANH,LAX
2819,62807.0,DTLA,LAX
2820,62827.0,DTLA,LAX
2821,62833.0,DTLA,LAX
2822,62872.0,DTLA,LAX
2823,62974.0,HWD,LAX
2824,62987.0,DTLA,LAX
2825,63017.0,ANH,LAX
2826,63019.0,ANH,LAX
2827,63066.0,HWD,LAX
2828,63088.0,DTLA,LAX
2829,63090.0,HWD,LAX
2830,63095.0,ANH,LAX
2831,63155.0,HWD,LAX
2832,63169.0,HWD,LAX
2833,63173.0,DTLA,LAX
2834,63174.0,DTLA,LAX
2835,63177.0,ANH,LAX
2836,63237.0,ANH,LAX
2837,63240.0,LGB,LAX
2838,63272.0,DTLA,LAX
2839,63278.0,ANH,LAX
2840,63303.0,DTLA,LAX
2841,63406.0,ANH,LAX
2842,63421.0,ANH,LAX
2843,63449.0,ANH,LAX
2844,63454.0,ANH,LAX
2845,63466.0,HWD,LAX
2846,63471.0,ANH,LAX
2847,63491.0,ANH,LAX
2848,63491.0,ANH,LAX
2849,63574.0,HWD,LAX
2850,63583.0,DTLA,LAX
2851,63621.0,DTLA,LAX
2852,63653.0,DTLA,LAX
2853,63680.0,DTLA,LAX
2854,63701.0,DTLA,LAX
2855,63736.0,DTLA,LAX
2856,63744.0,ANH,LAX
2857,63761.0,ANH,LAX
2858,63780.0,LGB,LAX
2859,63819.0,LGB,LAX
2860,63843.0,HWD,LAX
2861,63863.0,LGB,LAX
2862,63937.0,ANH,LAX
2863,63941.0,DTLA,LAX
2864,63975.0,ANH,LAX
2865,63983.0,HWD,LAX
2866,64032.0,DTLA,LAX
2867,64121.0,DTLA,LAX
2868,64125.0,DTLA,LAX
2869,64162.0,DTLA,LAX
2870,64183.0,ANH,LAX
2871,64184.0,ANH,LAX
2872,64213.0,HWD,LAX
2873,64217.0,HWD,LAX
2874,64317.0,DTLA,LAX
2875,64342.0,ANH,LAX
2876,64363.0,HWD,LAX
2877,64365.0,ANH,LAX
2878,64438.0,HWD,LAX
2879,64443.0,DTLA,LAX
2880,64511.0,LGB,LAX
2881,64538.0,DTLA,LAX
2882,64544.0,DTLA,LAX
2883,64566.0,DTLA,LAX
2884,64571.0,LGB,LAX
2885,64601.0,ANH,LAX
2886,64625.0,HWD,LAX
2887,64629.0,DTLA,LAX
2888,64636.0,DTLA,LAX
2889,64659.0,HWD,LAX
2890,64661.0,ANH,LAX
2891,64661.0,LGB,LAX
2892,64688.0,LGB,LAX
2893,64710.0,ANH,LAX
2894,64748.0,HWD,LAX
2895,64751.0,DTLA,LAX
2896,64767.0,HWD,LAX
2897,64796.0,DTLA,LAX
2898,64905.0,ANH,LAX
2899,64990.0,HWD,LAX
2900,64993.0,HWD,LAX
2901,65009.0,DTLA,LAX
2902,65009.0,ANH,LAX
2903,65019.0,HWD,LAX
2904,65061.0,ANH,LAX
2905,65062.0,ANH,LAX
2906,65117.0,LGB,LAX
2907,65170.0,HWD,LAX
2908,65179.0,ANH,LAX
2909,65190.0,ANH,LAX
2910,65230.0,DTLA,LAX
2911,65231.0,ANH,LAX
2912,65248.0,DTLA,LAX
2913,65287.0,DTLA,LAX
2914,65302.0,ANH,LAX
2915,65390.0,ANH,LAX
2916,65483.0,DTLA,LAX
2917,65502.0,HWD,LAX
2918,65503.0,LGB,LAX
2919,65509.0,DTLA,LAX
2920,65607.0,DTLA,LAX
2921,65632.0,HWD,LAX
2922,65683.0,ANH,LAX
2923,65703.0,HWD,LAX
2924,65717.0,HWD,LAX
2925,65722.0,ANH,LAX
2926,65725.0,ANH,LAX
2927,65728.0,HWD,LAX
2928,65750.0,HWD,LAX
2929,65797.0,ANH,LAX
2930,65803.0,HWD,LAX
2931,65836.0,DTLA,LAX
2932,65922.0,ANH,LAX
2933,65936.0,ANH,LAX
2934,65998.0,LGB,LAX
2935,66020.0,HWD,LAX
2936,66070.0,ANH,LAX
2937,66078.0,DTLA,LAX
2938,66095.0,HWD,LAX
2939,66137.0,ANH,LAX
2940,66165.0,HWD,LAX
2941,66213.0,DTLA,LAX
2942,66252.0,HWD,LAX
2943,66255.0,HWD,LAX
2944,66262.0,DTLA,LAX
2945,66278.0,ANH,LAX
2946,66304.0,HWD,LAX
2947,66322.0,DTLA,LAX
2948,66366.0,DTLA,LAX
2949,66437.0,ANH,LAX
2950,66465.0,ANH,LAX
2951,66479.0,HWD,LAX
2952,66481.0,DTLA,LAX
2953,66513.0,DTLA,LAX
2954,66537.0,ANH,LAX
2955,66580.0,DTLA,LAX
2956,66601.0,DTLA,LAX
2957,66612.0,DTLA,LAX
2958,66679.0,HWD,LAX
2959,66727.0,ANH,LAX
2960,66730.0,HWD,LAX
2961,66753.0,LGB,LAX
2962,66792.0,ANH,LAX
2963,66890.0,HWD,LAX
2964,66894.0,ANH,LAX
2965,66929.0,DTLA,LAX
2966,66947.0,DTLA,LAX
2967,66970.0,LGB,LAX
2968,67069.0,ANH,LAX
2969,67229.0,DTLA,LAX
2970,67253.0,HWD,LAX
2971,67261.0,HWD,LAX
2972,67274.0,LGB,LAX
2973,67287.0,DTLA,LAX
2974,67300.0,ANH,LAX
2975,67355.0,HWD,LAX
2976,67369.0,LGB,LAX
2977,67383.0,ANH,LAX
2978,67434.0,ANH,LAX
2979,67437.0,HWD,LAX
2980,67437.0,LGB,LAX
2981,67456.0,DTLA,LAX
2982,67485.0,ANH,LAX
2983,67495.0,DTLA,LAX
2984,67511.0,LGB,LAX
2985,67517.0,HWD,LAX
2986,67578.0,LGB,LAX
2987,67585.0,DTLA,LAX
2988,67605.0,HWD,LAX
2989,67641.0,DTLA,LAX
2990,67649.0,ANH,LAX
2991,67678.0,DTLA,LAX
2992,67722.0,HWD,LAX
2993,67729.0,DTLA,LAX
2994,67732.0,LGB,LAX
2995,67734.0,ANH,LAX
2996,67773.0,HWD,LAX
2997,67792.0,HWD,LAX
2998,67799.0,ANH,LAX
2999,67835.0,ANH,LAX
3000,67861.0,LGB,LAX
3001,67884.0,HWD,LAX
3002,67901.0,ANH,LAX
3003,67954.0,ANH,LAX
3004,67961.0,DTLA,LAX
3005,67969.0,ANH,LAX
3006,67983.0,LGB,LAX
3007,67996.0,HWD,LAX
3008,68001.0,DTLA,LAX
3009,68004.0,HWD,LAX
3010,68005.0,ANH,LAX
3011,68129.0,ANH,LAX
3012,68161.0,ANH,LAX
3013,68178.0,DTLA,LAX
3014,68264.0,HWD,LAX
3015,68268.0,ANH,LAX
3016,68302.0,HWD,LAX
3017,68335.0,DTLA,LAX
3018,68359.0,LGB,LAX
3019,68374.0,HWD,LAX
3020,68397.0,HWD,LAX
3021,68421.0,DTLA,LAX
3022,68424.0,DTLA,LAX
3023,68433.0,LGB,LAX
3024,68477.0,DTLA,LAX
3025,68515.0,ANH,LAX
3026,68540.0,LGB,LAX
3027,68542.0,ANH,LAX
3028,68546.0,HWD,LAX
3029,68568.0,ANH,LAX
3030,68592.0,LGB,LAX
3031,68621.0,ANH,LAX
3032,68628.0,DTLA,LAX
3033,68630.0,LGB,LAX
3034,68647.0,HWD,LAX
3035,68671.0,LGB,LAX
3036,68782.0,DTLA,LAX
3037,68840.0,ANH,LAX
3038,68861.0,LGB,LAX
3039,68866.0,HWD,LAX
3040,68891.0,DTLA,LAX
3041,68915.0,HWD,LAX
3042,68933.0,ANH,LAX
3043,68952.0,DTLA,LAX
3044,68976.0,LGB,LAX
3045,68986.0,LGB,LAX
3046,69055.0,ANH,LAX
3047,69067.0,HWD,LAX
3048,69073.0,HWD,LAX
3049,69090.0,DTLA,LAX
3050,69111.0,ANH,LAX
3051,69135.0,DTLA,LAX
3052,69141.0,HWD,LAX
3053,69146.0,HWD,LAX
3054,69150.0,HWD,LAX
3055,69158.0,DTLA,LAX
3056,69176.0,HWD,LAX
3057,69242.0,HWD,LAX
3058,69332.0,ANH,LAX
3059,69334.0,LGB,LAX
3060,69357.0,DTLA,LAX
3061,69363.0,LGB,LAX
3062,69413.0,ANH,LAX
3063,69416.0,LGB,LAX
3064,69419.0,HWD,LAX
3065,69438.0,HWD,LAX
3066,69442.0,ANH,LAX
3067,69462.0,LGB,LAX
3068,69466.0,ANH,LAX
3069,69477.0,DTLA,LAX
3070,69502.0,DTLA,LAX
3071,69529.0,ANH,LAX
3072,69532.0,DTLA,LAX
3073,69580.0,LGB,LAX
3074,69584.0,DTLA,LAX
3075,69592.0,ANH,LAX
3076,69621.0,DTLA,LAX
3077,69644.0,ANH,LAX
3078,69651.0,ANH,LAX
3079,69652.0,DTLA,LAX
3080,69668.0,ANH,LAX
3081,69675.0,HWD,LAX
3082,69676.0,HWD,LAX
3083,69677.0,LGB,LAX
3084,69685.0,DTLA,LAX
3085,69699.0,DTLA,LAX
3086,69705.0,LGB,LAX
3087,69741.0,LGB,LAX
3088,69746.0,LGB,LAX
3089,69771.0,ANH,LAX
3090,69779.0,DTLA,LAX
3091,69803.0,DTLA,LAX
3092,69814.0,HWD,LAX
3093,69822.0,LGB,LAX
3094,69843.0,LGB,LAX
3095,69854.0,HWD,LAX
3096,69951.0,LGB,LAX
3097,69952.0,DTLA,LAX
3098,69997.0,ANH,LAX
3099,70005.0,ANH,LAX
3100,70005.0,ANH,LAX
3101,70013.0,DTLA,LAX
3102,70048.0,HWD,LAX
3103,70080.0,DTLA,LAX
3104,70140.0,HWD,LAX
3105,70143.0,HWD,LAX
3106,70173.0,DTLA,LAX
3107,70196.0,HWD,LAX
3108,70221.0,ANH,LAX
3109,70246.0,ANH,LAX
3110,70273.0,HWD,LAX
3111,70282.0,HWD,LAX
3112,70311.0,DTLA,LAX
3113,70339.0,ANH,LAX
3114,70370.0,DTLA,LAX
3115,70401.0,DTLA,LAX
3116,70445.0,DTLA,LAX
3117,70506.0,DTLA,LAX
3118,70511.0,DTLA,LAX
3119,70514.0,ANH,LAX
3120,70520.0,ANH,LAX
3121,70555.0,HWD,LAX
3122,70560.0,HWD,LAX
3123,70569.0,DTLA,LAX
3124,70632.0,DTLA,LAX
3125,70635.0,HWD,LAX
3126,70637.0,ANH,LAX
3127,70644.0,HWD,LAX
3128,70648.0,HWD,LAX
3129,70700.0,HWD,LAX
3130,70723.0,DTLA,LAX
3131,70729.0,DTLA,LAX
3132,70748.0,LGB,LAX
3133,70762.0,HWD,LAX
3134,70767.0,ANH,LAX
3135,70769.0,HWD,LAX
3136,70778.0,HWD,LAX
3137,70818.0,DTLA,LAX
3138,70823.0,HWD,LAX
3139,70825.0,ANH,LAX
3140,70881.0,DTLA,LAX
3141,70890.0,DTLA,LAX
3142,70907.0,LGB,LAX
3143,70909.0,LGB,LAX
3144,70944.0,LGB,LAX
3145,70948.0,DTLA,LAX
3146,70951.0,DTLA,LAX
3147,70966.0,LGB,LAX
3148,70975.0,HWD,LAX
3149,70976.0,HWD,LAX
3150,70977.0,DTLA,LAX
3151,71000.0,ANH,LAX
3152,71001.0,DTLA,LAX
3153,71003.0,LGB,LAX
3154,71006.0,DTLA,LAX
3155,71014.0,ANH,LAX
3156,71015.0,DTLA,LAX
3157,71018.0,ANH,LAX
3158,71044.0,LGB,LAX
3159,71063.0,HWD,LAX
3160,71145.0,LGB,LAX
3161,71149.0,HWD,LAX
3162,71160.0,HWD,LAX
3163,71208.0,LGB,LAX
3164,71209.0,LGB,LAX
3165,71215.0,ANH,LAX
3166,71227.0,DTLA,LAX
3167,71240.0,DTLA,LAX
3168,71334.0,DTLA,LAX
3169,71334.0,HWD,LAX
3170,71343.0,ANH,LAX
3171,71359.0,ANH,LAX
3172,71379.0,DTLA,LAX
3173,71402.0,DTLA,LAX
3174,71441.0,LGB,LAX
3175,71443.0,DTLA,LAX
3176,71459.0,DTLA,LAX
3177,71460.0,HWD,LAX
3178,71462.0,HWD,LAX
3179,71487.0,HWD,LAX
3180,71491.0,HWD,LAX
3181,71496.0,DTLA,LAX
3182,71498.0,DTLA,LAX
3183,71502.0,LGB,LAX
3184,71567.0,ANH,LAX
3185,71575.0,HWD,LAX
3186,71580.0,LGB,LAX
3187,71590.0,DTLA,LAX
3188,71624.0,LGB,LAX
3189,71625.0,DTLA,LAX
3190,71635.0,ANH,LAX
3191,71643.0,ANH,LAX
3192,71744.0,LGB,LAX
3193,71750.0,DTLA,LAX
3194,71753.0,ANH,LAX
3195,71756.0,ANH,LAX
3196,71799.0,DTLA,LAX
3197,71845.0,LGB,LAX
3198,71873.0,DTLA,LAX
3199,71910.0,ANH,LAX
3200,71913.0,ANH,LAX
3201,71954.0,ANH,LAX
3202,71974.0,HWD,LAX
3203,72006.0,DTLA,LAX
3204,72022.0,HWD,LAX
3205,72025.0,DTLA,LAX
3206,72026.0,LGB,LAX
3207,72029.0,HWD,LAX
3208,72039.0,HWD,LAX
3209,72075.0,DTLA,LAX
3210,72076.0,ANH,LAX
3211,72105.0,HWD,LAX
3212,72140.0,ANH,LAX
3213,72144.0,ANH,LAX
3214,72176.0,HWD,LAX
3215,72179.0,HWD,LAX
3216,72181.0,HWD,LAX
3217,72199.0,DTLA,LAX
3218,72214.0,ANH,LAX
3219,72224.0,DTLA,LAX
3220,72247.0,DTLA,LAX
3221,72268.0,DTLA,LAX
3222,72272.0,ANH,LAX
3223,72278.0,DTLA,LAX
3224,72287.0,ANH,LAX
3225,72311.0,ANH,LAX
3226,72334.0,LGB,LAX
3227,72355.0,DTLA,LAX
3228,72383.0,LGB,LAX
3229,72395.0,DTLA,LAX
3230,72404.0,LGB,LAX
3231,72412.0,HWD,LAX
3232,72413.0,ANH,LAX
3233,72416.0,HWD,LAX
3234,72423.0,LGB,LAX
3235,72424.0,DTLA,LAX
3236,72442.0,DTLA,LAX
3237,72464.0,DTLA,LAX
3238,72465.0,ANH,LAX
3239,72477.0,ANH,LAX
3240,72500.0,ANH,LAX
3241,72512.0,DTLA,LAX
3242,72519.0,DTLA,LAX
3243,72557.0,DTLA,LAX
3244,72558.0,HWD,LAX
3245,72597.0,ANH,LAX
3246,72639.0,ANH,LAX
3247,72651.0,HWD,LAX
3248,72666.0,DTLA,LAX
3249,72739.0,LGB,LAX
3250,72761.0,HWD,LAX
3251,72787.0,DTLA,LAX
3252,72839.0,DTLA,LAX
3253,72856.0,DTLA,LAX
3254,72875.0,ANH,LAX
3255,72879.0,DTLA,LAX
3256,72886.0,HWD,LAX
3257,72911.0,LGB,LAX
3258,72942.0,ANH,LAX
3259,72942.0,DTLA,LAX
3260,72943.0,LGB,LAX
3261,72950.0,ANH,LAX
3262,72959.0,LGB,LAX
3263,72990.0,HWD,LAX
3264,72995.0,ANH,LAX
3265,72997.0,HWD,LAX
3266,73012.0,ANH,LAX
3267,73025.0,DTLA,LAX
3268,73034.0,DTLA,LAX
3269,73046.0,HWD,LAX
3270,73056.0,DTLA,LAX
3271,73063.0,LGB,LAX
3272,73065.0,DTLA,LAX
3273,73078.0,ANH,LAX
3274,73100.0,DTLA,LAX
3275,73124.0,ANH,LAX
3276,73125.0,HWD,LAX
3277,73135.0,DTLA,LAX
3278,73169.0,ANH,LAX
3279,73178.0,HWD,LAX
3280,73237.0,LGB,LAX
3281,73258.0,ANH,LAX
3282,73270.0,LGB,LAX
3283,73302.0,DTLA,LAX
3284,73340.0,DTLA,LAX
3285,73350.0,HWD,LAX
3286,73368.0,HWD,LAX
3287,73405.0,DTLA,LAX
3288,73457.0,DTLA,LAX
3289,73475.0,ANH,LAX
3290,73500.0,ANH,LAX
3291,73512.0,DTLA,LAX
3292,73529.0,ANH,LAX
3293,73536.0,ANH,LAX
3294,73540.0,HWD,LAX
3295,73565.0,DTLA,LAX
3296,73573.0,DTLA,LAX
3297,73596.0,DTLA,LAX
3298,73628.0,DTLA,LAX
3299,73630.0,DTLA,LAX
3300,73661.0,DTLA,LAX
3301,73683.0,DTLA,LAX
3302,73690.0,HWD,LAX
3303,73711.0,ANH,LAX
3304,73731.0,ANH,LAX
3305,73741.0,ANH,LAX
3306,73746.0,ANH,LAX
3307,73750.0,ANH,LAX
3308,73759.0,HWD,LAX
3309,73771.0,LGB,LAX
3310,73776.0,DTLA,LAX
3311,73808.0,HWD,LAX
3312,73852.0,HWD,LAX
3313,73871.0,DTLA,LAX
3314,73874.0,LGB,LAX
3315,73884.0,LGB,LAX
3316,73885.0,DTLA,LAX
3317,73907.0,LGB,LAX
3318,73919.0,DTLA,LAX
3319,73926.0,DTLA,LAX
3320,73928.0,LGB,LAX
3321,73929.0,DTLA,LAX
3322,73944.0,DTLA,LAX
3323,73977.0,DTLA,LAX
3324,73980.0,HWD,LAX
3325,73998.0,LGB,LAX
3326,74008.0,DTLA,LAX
3327,74014.0,ANH,LAX
3328,74016.0,LGB,LAX
3329,74023.0,LGB,LAX
3330,74025.0,DTLA,LAX
3331,74051.0,HWD,LAX
3332,74062.0,DTLA,LAX
3333,74068.0,ANH,LAX
3334,74094.0,DTLA,LAX
3335,74109.0,DTLA,LAX
3336,74126.0,HWD,LAX
3337,74145.0,HWD,LAX
3338,74177.0,DTLA,LAX
3339,74201.0,ANH,LAX
3340,74262.0,ANH,LAX
3341,74274.0,LGB,LAX
3342,74279.0,HWD,LAX
3343,74297.0,LGB,LAX
3344,74319.0,HWD,LAX
3345,74371.0,HWD,LAX
3346,74431.0,ANH,LAX
3347,74534.0,DTLA,LAX
3348,74534.0,ANH,LAX
3349,74536.0,HWD,LAX
3350,74569.0,HWD,LAX
3351,74573.0,DTLA,LAX
3352,74581.0,ANH,LAX
3353,74596.0,LGB,LAX
3354,74598.0,DTLA,LAX
3355,74605.0,DTLA,LAX
3356,74609.0,HWD,LAX
3357,74612.0,LGB,LAX
3358,74692.0,LGB,LAX
3359,74693.0,ANH,LAX
3360,74694.0,ANH,LAX
3361,74704.0,ANH,LAX
3362,74710.0,DTLA,LAX
3363,74716.0,DTLA,LAX
3364,74728.0,HWD,LAX
3365,74798.0,HWD,LAX
3366,74811.0,ANH,LAX
3367,74832.0,HWD,LAX
3368,74834.0,LGB,LAX
3369,74897.0,ANH,LAX
3370,74951.0,LGB,LAX
3371,74967.0,ANH,LAX
3372,75031.0,DTLA,LAX
3373,75048.0,HWD,LAX
3374,75068.0,ANH,LAX
3375,75071.0,DTLA,LAX
3376,75103.0,DTLA,LAX
3377,75112.0,ANH,LAX
3378,75137.0,ANH,LAX
3379,75151.0,ANH,LAX
3380,75159.0,DTLA,LAX
3381,75169.0,LGB,LAX
3382,75184.0,DTLA,LAX
3383,75191.0,DTLA,LAX
3384,75215.0,LGB,LAX
3385,75245.0,ANH,LAX
3386,75273.0,ANH,LAX
3387,75347.0,HWD,LAX
3388,75357.0,ANH,LAX
3389,75419.0,ANH,LAX
3390,75419.0,DTLA,LAX
3391,75437.0,HWD,LAX
3392,75458.0,DTLA,LAX
3393,75459.0,ANH,LAX
3394,75461.0,LGB,LAX
3395,75465.0,DTLA,LAX
3396,75469.0,DTLA,LAX
3397,75483.0,ANH,LAX
3398,75493.0,LGB,LAX
3399,75500.0,ANH,LAX
3400,75545.0,ANH,LAX
3401,75606.0,DTLA,LAX
3402,75616.0,LGB,LAX
3403,75619.0,ANH,LAX
3404,75637.0,LGB,LAX
3405,75651.0,LGB,LAX
3406,75730.0,LGB,LAX
3407,75749.0,ANH,LAX
3408,75754.0,DTLA,LAX
3409,75786.0,ANH,LAX
3410,75820.0,LGB,LAX
3411,75830.0,ANH,LAX
3412,75836.0,ANH,LAX
3413,75837.0,DTLA,LAX
3414,75843.0,DTLA,LAX
3415,75849.0,ANH,LAX
3416,75870.0,DTLA,LAX
3417,75881.0,ANH,LAX
3418,75890.0,HWD,LAX
3419,75916.0,LGB,LAX
3420,75962.0,ANH,LAX
3421,76021.0,DTLA,LAX
3422,76047.0,ANH,LAX
3423,76055.0,ANH,LAX
3424,76065.0,ANH,LAX
3425,76097.0,DTLA,LAX
3426,76123.0,LGB,LAX
3427,76135.0,DTLA,LAX
3428,76143.0,DTLA,LAX
3429,76156.0,ANH,LAX
3430,76164.0,LGB,LAX
3431,76166.0,ANH,LAX
3432,76177.0,DTLA,LAX
3433,76178.0,ANH,LAX
3434,76188.0,ANH,LAX
3435,76214.0,DTLA,LAX
3436,76222.0,DTLA,LAX
3437,76235.0,ANH,LAX
3438,76239.0,ANH,LAX
3439,76289.0,HWD,LAX
3440,76289.0,ANH,LAX
3441,76334.0,DTLA,LAX
3442,76338.0,HWD,LAX
3443,76376.0,LGB,LAX
3444,76388.0,HWD,LAX
3445,76390.0,DTLA,LAX
3446,76391.0,LGB,LAX
3447,76398.0,HWD,LAX
3448,76407.0,DTLA,LAX
3449,76429.0,LGB,LAX
3450,76446.0,ANH,LAX
3451,76487.0,DTLA,LAX
3452,76491.0,LGB,LAX
3453,76516.0,ANH,LAX
3454,76523.0,LGB,LAX
3455,76538.0,ANH,LAX
3456,76545.0,LGB,LAX
3457,76574.0,ANH,LAX
3458,76602.0,LGB,LAX
3459,76614.0,DTLA,LAX
3460,76619.0,DTLA,LAX
3461,76622.0,DTLA,LAX
3462,76624.0,ANH,LAX
3463,76628.0,LGB,LAX
3464,76637.0,DTLA,LAX
3465,76646.0,ANH,LAX
3466,76722.0,LGB,LAX
3467,76723.0,ANH,LAX
3468,76729.0,ANH,LAX
3469,76735.0,ANH,LAX
3470,76767.0,ANH,LAX
3471,76796.0,HWD,LAX
3472,76824.0,HWD,LAX
3473,76831.0,DTLA,LAX
3474,76851.0,DTLA,LAX
3475,76891.0,DTLA,LAX
3476,76912.0,ANH,LAX
3477,76918.0,LGB,LAX
3478,76942.0,DTLA,LAX
3479,76958.0,DTLA,LAX
3480,76979.0,HWD,LAX
3481,76985.0,HWD,LAX
3482,77019.0,DTLA,LAX
3483,77040.0,DTLA,LAX
3484,77076.0,DTLA,LAX
3485,77086.0,HWD,LAX
3486,77108.0,ANH,LAX
3487,77228.0,DTLA,LAX
3488,77254.0,ANH,LAX
3489,77261.0,LGB,LAX
3490,77292.0,HWD,LAX
3491,77340.0,DTLA,LAX
3492,77415.0,DTLA,LAX
3493,77428.0,ANH,LAX
3494,77456.0,ANH,LAX
3495,77484.0,ANH,LAX
3496,77504.0,LGB,LAX
3497,77530.0,LGB,LAX
3498,77567.0,DTLA,LAX
3499,77576.0,DTLA,LAX
3500,77585.0,HWD,LAX
3501,77596.0,DTLA,LAX
3502,77609.0,LGB,LAX
3503,77623.0,ANH,LAX
3504,77632.0,ANH,LAX
3505,77640.0,ANH,LAX
3506,77647.0,LGB,LAX
3507,77657.0,HWD,LAX
3508,77660.0,DTLA,LAX
3509,77704.0,ANH,LAX
3510,77749.0,LGB,LAX
3511,77766.0,ANH,LAX
3512,77785.0,DTLA,LAX
3513,77870.0,ANH,LAX
3514,77907.0,HWD,LAX
3515,77983.0,HWD,LAX
3516,77987.0,DTLA,LAX
3517,78038.0,HWD,LAX
3518,78077.0,DTLA,LAX
3519,78104.0,LGB,LAX
3520,78127.0,HWD,LAX
3521,78185.0,ANH,LAX
3522,78186.0,ANH,LAX
3523,78195.0,DTLA,LAX
3524,78220.0,HWD,LAX
3525,78246.0,HWD,LAX
3526,78321.0,ANH,LAX
3527,78372.0,DTLA,LAX
3528,78388.0,LGB,LAX
3529,78390.0,DTLA,LAX
3530,78394.0,HWD,LAX
3531,78460.0,ANH,LAX
3532,78467.0,LGB,LAX
3533,78488.0,HWD,LAX
3534,78495.0,ANH,LAX
3535,78537.0,DTLA,LAX
3536,78542.0,HWD,LAX
3537,78549.0,DTLA,LAX
3538,78553.0,ANH,LAX
3539,78593.0,HWD,LAX
3540,78595.0,ANH,LAX
3541,78603.0,ANH,LAX
3542,78611.0,ANH,LAX
3543,78625.0,ANH,LAX
3544,78675.0,ANH,LAX
3545,78675.0,DTLA,LAX
3546,78678.0,ANH,LAX
3547,78678.0,LGB,LAX
3548,78694.0,LGB,LAX
3549,78728.0,ANH,LAX
3550,78746.0,ANH,LAX
3551,78820.0,ANH,LAX
3552,78906.0,ANH,LAX
3553,78908.0,HWD,LAX
3554,78911.0,LGB,LAX
3555,78915.0,DTLA,LAX
3556,79033.0,ANH,LAX
3557,79036.0,HWD,LAX
3558,79037.0,ANH,LAX
3559,79081.0,ANH,LAX
3560,79092.0,DTLA,LAX
3561,79130.0,LGB,LAX
3562,79137.0,LGB,LAX
3563,79153.0,LGB,LAX
3564,79167.0,DTLA,LAX
3565,79179.0,ANH,LAX
3566,79208.0,ANH,LAX
3567,79224.0,HWD,LAX
3568,79247.0,DTLA,LAX
3569,79276.0,DTLA,LAX
3570,79287.0,DTLA,LAX
3571,79317.0,DTLA,LAX
3572,79339.0,LGB,LAX
3573,79382.0,HWD,LAX
3574,79426.0,ANH,LAX
3575,79465.0,DTLA,LAX
3576,79471.0,LGB,LAX
3577,79475.0,DTLA,LAX
3578,79576.0,HWD,LAX
3579,79586.0,HWD,LAX
3580,79618.0,ANH,LAX
3581,79630.0,DTLA,LAX
3582,79656.0,HWD,LAX
3583,79666.0,LGB,LAX
3584,79702.0,HWD,LAX
3585,79714.0,DTLA,LAX
3586,79767.0,HWD,LAX
3587,79780.0,DTLA,LAX
3588,79788.0,DTLA,LAX
3589,79801.0,DTLA,LAX
3590,79845.0,ANH,LAX
3591,79862.0,DTLA,LAX
3592,79871.0,ANH,LAX
3593,79882.0,DTLA,LAX
3594,79885.0,ANH,LAX
3595,79888.0,LGB,LAX
3596,79909.0,HWD,LAX
3597,79973.0,LGB,LAX
3598,79978.0,ANH,LAX
3599,80027.0,LGB,LAX
3600,80028.0,DTLA,LAX
3601,80033.0,ANH,LAX
3602,80065.0,ANH,LAX
3603,80082.0,ANH,LAX
3604,80136.0,ANH,LAX
3605,80155.0,ANH,LAX
3606,80196.0,DTLA,LAX
3607,80214.0,DTLA,LAX
3608,80222.0,LGB,LAX
3609,80232.0,HWD,LAX
3610,80304.0,ANH,LAX
3611,80338.0,DTLA,LAX
3612,80347.0,DTLA,LAX
3613,80367.0,DTLA,LAX
3614,80379.0,HWD,LAX
3615,80427.0,ANH,LAX
3616,80433.0,LGB,LAX
3617,80512.0,DTLA,LAX
3618,80520.0,HWD,LAX
3619,80521.0,DTLA,LAX
3620,80541.0,DTLA,LAX
3621,80572.0,DTLA,LAX
3622,80600.0,HWD,LAX
3623,80633.0,LGB,LAX
3624,80641.0,HWD,LAX
3625,80656.0,ANH,LAX
3626,80661.0,DTLA,LAX
3627,80664.0,DTLA,LAX
3628,80681.0,LGB,LAX
3629,80692.0,LGB,LAX
3630,80726.0,LGB,LAX
3631,80730.0,HWD,LAX
3632,80751.0,ANH,LAX
3633,80811.0,ANH,LAX
3634,80872.0,DTLA,LAX
3635,80953.0,HWD,LAX
3636,80993.0,HWD,LAX
3637,81012.0,LGB,LAX
3638,81033.0,ANH,LAX
3639,81034.0,ANH,LAX
3640,81048.0,ANH,LAX
3641,81079.0,HWD,LAX
3642,81129.0,DTLA,LAX
3643,81201.0,HWD,LAX
3644,81207.0,HWD,LAX
3645,81211.0,DTLA,LAX
3646,81220.0,DTLA,LAX
3647,81243.0,DTLA,LAX
3648,81255.0,ANH,LAX
3649,81312.0,DTLA,LAX
3650,81358.0,ANH,LAX
3651,81362.0,DTLA,LAX
3652,81447.0,LGB,LAX
3653,81456.0,DTLA,LAX
3654,81466.0,ANH,LAX
3655,81514.0,DTLA,LAX
3656,81539.0,LGB,LAX
3657,81542.0,HWD,LAX
3658,81550.0,ANH,LAX
3659,81633.0,ANH,LAX
3660,81704.0,HWD,LAX
3661,81721.0,DTLA,LAX
3662,81730.0,ANH,LAX
3663,81750.0,DTLA,LAX
3664,81760.0,DTLA,LAX
3665,81820.0,ANH,LAX
3666,81906.0,DTLA,LAX
3667,81922.0,ANH,LAX
3668,81929.0,HWD,LAX
3669,81954.0,HWD,LAX
3670,81985.0,HWD,LAX
3671,81992.0,ANH,LAX
3672,82010.0,ANH,LAX
3673,82096.0,DTLA,LAX
3674,82161.0,LGB,LAX
3675,82167.0,DTLA,LAX
3676,82245.0,HWD,LAX
3677,82290.0,LGB,LAX
3678,82298.0,ANH,LAX
3679,82306.0,ANH,LAX
3680,82327.0,ANH,LAX
3681,82337.0,ANH,LAX
3682,82352.0,LGB,LAX
3683,82414.0,LGB,LAX
3684,82453.0,DTLA,LAX
3685,82488.0,LGB,LAX
3686,82491.0,LGB,LAX
3687,82494.0,DTLA,LAX
3688,82512.0,DTLA,LAX
3689,82518.0,HWD,LAX
3690,82548.0,DTLA,LAX
3691,82565.0,DTLA,LAX
3692,82594.0,HWD,LAX
3693,82635.0,HWD,LAX
3694,82693.0,HWD,LAX
3695,82708.0,DTLA,LAX
3696,82736.0,HWD,LAX
3697,82792.0,ANH,LAX
3698,82818.0,HWD,LAX
3699,82864.0,ANH,LAX
3700,82880.0,HWD,LAX
3701,82917.0,HWD,LAX
3702,83025.0,DTLA,LAX
3703,83072.0,ANH,LAX
3704,83074.0,ANH,LAX
3705,83084.0,HWD,LAX
3706,83096.0,LGB,LAX
3707,83136.0,ANH,LAX
3708,83146.0,ANH,LAX
3709,83151.0,ANH,LAX
3710,83209.0,LGB,LAX
3711,83218.0,HWD,LAX
3712,83253.0,ANH,LAX
3713,83268.0,HWD,LAX
3714,83293.0,HWD,LAX
3715,83358.0,LGB,LAX
3716,83360.0,ANH,LAX
3717,83387.0,ANH,LAX
3718,83405.0,DTLA,LAX
3719,83415.0,LGB,LAX
3720,83440.0,ANH,LAX
3721,83483.0,DTLA,LAX
3722,83490.0,HWD,LAX
3723,83504.0,HWD,LAX
3724,83508.0,DTLA,LAX
3725,83641.0,DTLA,LAX
3726,83665.0,ANH,LAX
3727,83667.0,HWD,LAX
3728,83678.0,LGB,LAX
3729,83794.0,HWD,LAX
3730,83858.0,DTLA,LAX
3731,83962.0,DTLA,LAX
3732,83976.0,DTLA,LAX
3733,84099.0,ANH,LAX
3734,84190.0,ANH,LAX
3735,84259.0,HWD,LAX
3736,84306.0,HWD,LAX
3737,84587.0,DTLA,LAX
3738,84625.0,HWD,LAX
3739,84801.0,HWD,LAX
3740,84823.0,LGB,LAX
3741,84919.0,ANH,LAX
3742,84958.0,ANH,LAX
3743,85141.0,DTLA,LAX
3744,85232.0,ANH,LAX
3745,85387.0,LGB,LAX
3746,85454.0,HWD,LAX
3747,86026.0,HWD,LAX
3748,86030.0,DTLA,LAX
3749,86056.0,ANH,LAX
3750,86088.0,ANH,LAX
3751,86130.0,HWD,LAX
3752,86400.0,DTLA,LAX
3753,0.0,LAX,HWD
3754,32.0,LAX,ANH
3755,72.0,LAX,HWD
3756,86.0,LAX,LGB
3757,93.0,LAX,DTLA
3758,95.0,LAX,ANH
3759,108.0,LAX,DTLA
3760,117.0,LAX,HWD
3761,159.0,LAX,LGB
3762,163.0,LAX,ANH
3763,173.0,LAX,DTLA
3764,201.0,LAX,LGB
3765,209.0,LAX,LGB
3766,224.0,LAX,DTLA
3767,229.0,LAX,DTLA
3768,307.0,LAX,ANH
3769,387.0,LAX,ANH
3770,388.0,LAX,DTLA
3771,403.0,LAX,LGB
3772,455.0,LAX,DTLA
3773,481.0,LAX,HWD
3774,488.0,LAX,DTLA
3775,502.0,LAX,LGB
3776,568.0,LAX,HWD
3777,574.0,LAX,ANH
3778,1096.0,LAX,ANH
3779,1129.0,LAX,DTLA
3780,1140.0,LAX,ANH
3781,1152.0,LAX,HWD
3782,1164.0,LAX,ANH
3783,1183.0,LAX,DTLA
3784,1210.0,LAX,DTLA
3785,1256.0,LAX,DTLA
3786,1264.0,LAX,ANH
3787,1299.0,LAX,ANH
3788,1311.0,LAX,ANH
3789,1376.0,LAX,DTLA
3790,1376.0,LAX,LGB
3791,1382.0,LAX,LGB
3792,1385.0,LAX,DTLA
3793,1394.0,LAX,ANH
3794,1440.0,LAX,HWD
3795,1449.0,LAX,ANH
3796,1452.0,LAX,DTLA
3797,1465.0,LAX,HWD
3798,1529.0,LAX,DTLA
3799,1565.0,LAX,DTLA
3800,1585.0,LAX,ANH
3801,1690.0,LAX,ANH
3802,1697.0,LAX,DTLA
3803,1761.0,LAX,HWD
3804,1770.0,LAX,DTLA
3805,1793.0,LAX,HWD
3806,1809.0,LAX,DTLA
3807,1810.0,LAX,DTLA
3808,1817.0,LAX,HWD
3809,1847.0,LAX,HWD
3810,1856.0,LAX,ANH
3811,1868.0,LAX,DTLA
3812,1886.0,LAX,DTLA
3813,1891.0,LAX,HWD
3814,1908.0,LAX,HWD
3815,1929.0,LAX,ANH
3816,1968.0,LAX,ANH
3817,1970.0,LAX,HWD
3818,1975.0,LAX,DTLA
3819,1988.0,LAX,ANH
3820,1988.0,LAX,DTLA
3821,2046.0,LAX,ANH
3822,2077.0,LAX,HWD
3823,2122.0,LAX,DTLA
3824,2132.0,LAX,DTLA
3825,2291.0,LAX,HWD
3826,2340.0,LAX,DTLA
3827,2354.0,LAX,ANH
3828,2427.0,LAX,DTLA
3829,3243.0,LAX,LGB
3830,3244.0,LAX,DTLA
3831,3303.0,LAX,LGB
3832,3316.0,LAX,ANH
3833,3886.0,LAX,DTLA
3834,3893.0,LAX,DTLA
3835,3936.0,LAX,HWD
3836,3957.0,LAX,LGB
3837,3959.0,LAX,DTLA
3838,3983.0,LAX,ANH
3839,4052.0,LAX,DTLA
3840,4056.0,LAX,DTLA
3841,4117.0,LAX,HWD
3842,4119.0,LAX,DTLA
3843,4166.0,LAX,ANH
3844,4242.0,LAX,DTLA
3845,4442.0,LAX,LGB
3846,4470.0,LAX,LGB
3847,4569.0,LAX,HWD
3848,4804.0,LAX,DTLA
3849,4895.0,LAX,HWD
3850,4924.0,LAX,DTLA
3851,4942.0,LAX,DTLA
3852,5309.0,LAX,ANH
3853,5343.0,LAX,LGB
3854,5352.0,LAX,ANH
3855,5411.0,LAX,DTLA
3856,5495.0,LAX,ANH
3857,5541.0,LAX,HWD
3858,7072.0,LAX,ANH
3859,7085.0,LAX,DTLA
3860,7800.0,LAX,ANH
3861,7862.0,LAX,ANH
3862,7885.0,LAX,HWD
3863,7901.0,LAX,HWD
3864,8081.0,LAX,DTLA
3865,8346.0,LAX,DTLA
3866,8407.0,LAX,ANH
3867,8558.0,LAX,DTLA
3868,8673.0,LAX,LGB
3869,8686.0,LAX,DTLA
3870,21529.0,LAX,ANH
3871,21564.0,LAX,HWD
3872,21584.0,LAX,HWD
3873,21593.0,LAX,HWD
3874,21810.0,LAX,ANH
3875,21851.0,LAX,DTLA
3876,21911.0,LAX,DTLA
3877,22109.0,LAX,HWD
3878,22129.0,LAX,ANH
3879,22138.0,LAX,ANH
3880,22144.0,LAX,HWD
3881,22161.0,LAX,DTLA
3882,22230.0,LAX,ANH
3883,22405.0,LAX,LGB
3884,22441.0,LAX,ANH
3885,22761.0,LAX,HWD
3886,22814.0,LAX,DTLA
3887,22828.0,LAX,ANH
3888,22862.0,LAX,HWD
3889,22870.0,LAX,HWD
3890,22962.0,LAX,LGB
3891,22978.0,LAX,DTLA
3892,22979.0,LAX,HWD
3893,22991.0,LAX,ANH
3894,23071.0,LAX,HWD
3895,23213.0,LAX,ANH
3896,23245.0,LAX,ANH
3897,23254.0,LAX,DTLA
3898,23264.0,LAX,HWD
3899,23269.0,LAX,DTLA
3900,23277.0,LAX,DTLA
3901,23282.0,LAX,DTLA
3902,23293.0,LAX,DTLA
3903,23328.0,LAX,DTLA
3904,23361.0,LAX,ANH
3905,23369.0,LAX,HWD
3906,23390.0,LAX,DTLA
3907,23482.0,LAX,HWD
3908,23485.0,LAX,ANH
3909,23517.0,LAX,HWD
3910,23918.0,LAX,ANH
3911,23990.0,LAX,HWD
3912,24187.0,LAX,LGB
3913,24244.0,LAX,DTLA
3914,24255.0,LAX,DTLA
3915,24296.0,LAX,HWD
3916,24311.0,LAX,HWD
3917,24380.0,LAX,ANH
3918,24386.0,LAX,ANH
3919,24401.0,LAX,HWD
3920,24467.0,LAX,DTLA
3921,24485.0,LAX,ANH
3922,24490.0,LAX,DTLA
3923,24528.0,LAX,LGB
3924,24547.0,LAX,ANH
3925,24580.0,LAX,DTLA
3926,24587.0,LAX,ANH
3927,24614.0,LAX,LGB
3928,24618.0,LAX,LGB
3929,24732.0,LAX,DTLA
3930,24748.0,LAX,DTLA
3931,24913.0,LAX,DTLA
3932,24914.0,LAX,DTLA
3933,24942.0,LAX,DTLA
3934,25044.0,LAX,ANH
3935,25047.0,LAX,DTLA
3936,25081.0,LAX,LGB
3937,25122.0,LAX,DTLA
3938,25158.0,LAX,HWD
3939,25213.0,LAX,DTLA
3940,25217.0,LAX,DTLA
3941,25223.0,LAX,ANH
3942,25227.0,LAX,DTLA
3943,25235.0,LAX,DTLA
3944,25264.0,LAX,ANH
3945,25268.0,LAX,DTLA
3946,25272.0,LAX,HWD
3947,25278.0,LAX,ANH
3948,25288.0,LAX,LGB
3949,25351.0,LAX,ANH
3950,25356.0,LAX,ANH
3951,25481.0,LAX,ANH
3952,25488.0,LAX,LGB
3953,25497.0,LAX,DTLA
3954,25520.0,LAX,DTLA
3955,25528.0,LAX,HWD
3956,25531.0,LAX,DTLA
3957,25539.0,LAX,HWD
3958,25539.0,LAX,DTLA
3959,25556.0,LAX,DTLA
3960,25568.0,LAX,HWD
3961,25581.0,LAX,DTLA
3962,25589.0,LAX,LGB
3963,25596.0,LAX,HWD
3964,25605.0,LAX,DTLA
3965,25645.0,LAX,DTLA
3966,25670.0,LAX,ANH
3967,25720.0,LAX,DTLA
3968,25724.0,LAX,ANH
3969,25789.0,LAX,HWD
3970,25792.0,LAX,DTLA
3971,25803.0,LAX,LGB
3972,25818.0,LAX,LGB
3973,25871.0,LAX,HWD
3974,25871.0,LAX,LGB
3975,25882.0,LAX,LGB
3976,25903.0,LAX,ANH
3977,25923.0,LAX,DTLA
3978,25926.0,LAX,DTLA
3979,25938.0,LAX,LGB
3980,25940.0,LAX,DTLA
3981,25943.0,LAX,HWD
3982,26025.0,LAX,ANH
3983,26036.0,LAX,HWD
3984,26060.0,LAX,HWD
3985,26080.0,LAX,DTLA
3986,26114.0,LAX,DTLA
3987,26123.0,LAX,HWD
3988,26249.0,LAX,HWD
3989,26363.0,LAX,ANH
3990,26366.0,LAX,HWD
3991,26373.0,LAX,DTLA
3992,26410.0,LAX,LGB
3993,26419.0,LAX,DTLA
3994,26432.0,LAX,DTLA
3995,26452.0,LAX,HWD
3996,26461.0,LAX,HWD
3997,26471.0,LAX,LGB
3998,26472.0,LAX,DTLA
3999,26515.0,LAX,DTLA
4000,26535.0,LAX,DTLA
4001,26538.0,LAX,ANH
4002,26540.0,LAX,HWD
4003,26585.0,LAX,DTLA
4004,26657.0,LAX,LGB
4005,26684.0,LAX,ANH
4006,26727.0,LAX,HWD
4007,26807.0,LAX,HWD
4008,26807.0,LAX,DTLA
4009,26808.0,LAX,HWD
4010,26816.0,LAX,ANH
4011,26818.0,LAX,LGB
4012,26835.0,LAX,DTLA
4013,26850.0,LAX,DTLA
4014,26855.0,LAX,DTLA
4015,26904.0,LAX,DTLA
4016,26948.0,LAX,DTLA
4017,26961.0,LAX,DTLA
4018,26962.0,LAX,DTLA
4019,26986.0,LAX,DTLA
4020,26988.0,LAX,ANH
4021,26998.0,LAX,DTLA
4022,27057.0,LAX,DTLA
4023,27074.0,LAX,ANH
4024,27079.0,LAX,DTLA
4025,27114.0,LAX,ANH
4026,27139.0,LAX,DTLA
4027,27145.0,LAX,HWD
4028,27165.0,LAX,DTLA
4029,27208.0,LAX,HWD
4030,27216.0,LAX,LGB
4031,27287.0,LAX,LGB
4032,27288.0,LAX,ANH
4033,27307.0,LAX,LGB
4034,27310.0,LAX,ANH
4035,27353.0,LAX,HWD
4036,27433.0,LAX,DTLA
4037,27435.0,LAX,DTLA
4038,27455.0,LAX,DTLA
4039,27492.0,LAX,HWD
4040,27527.0,LAX,DTLA
4041,27533.0,LAX,LGB
4042,27540.0,LAX,HWD
4043,27549.0,LAX,LGB
4044,27584.0,LAX,ANH
4045,27587.0,LAX,LGB
4046,27599.0,LAX,ANH
4047,27601.0,LAX,ANH
4048,27622.0,LAX,LGB
4049,27626.0,LAX,HWD
4050,27646.0,LAX,LGB
4051,27657.0,LAX,DTLA
4052,27661.0,LAX,DTLA
4053,27668.0,LAX,DTLA
4054,27673.0,LAX,HWD
4055,27676.0,LAX,ANH
4056,27682.0,LAX,ANH
4057,27690.0,LAX,DTLA
4058,27696.0,LAX,ANH
4059,27717.0,LAX,ANH
4060,27739.0,LAX,ANH
4061,27750.0,LAX,HWD
4062,27755.0,LAX,HWD
4063,27755.0,LAX,DTLA
4064,27760.0,LAX,HWD
4065,27791.0,LAX,HWD
4066,27793.0,LAX,HWD
4067,27800.0,LAX,HWD
4068,27802.0,LAX,LGB
4069,27821.0,LAX,LGB
4070,27825.0,LAX,DTLA
4071,27830.0,LAX,LGB
4072,27837.0,LAX,ANH
4073,27851.0,LAX,ANH
4074,27872.0,LAX,DTLA
4075,27888.0,LAX,ANH
4076,27897.0,LAX,HWD
4077,27912.0,LAX,DTLA
4078,27932.0,LAX,LGB
4079,27943.0,LAX,DTLA
4080,28043.0,LAX,LGB
4081,28137.0,LAX,LGB
4082,28184.0,LAX,ANH
4083,28196.0,LAX,ANH
4084,28206.0,LAX,ANH
4085,28213.0,LAX,ANH
4086,28214.0,LAX,HWD
4087,28228.0,LAX,ANH
4088,28259.0,LAX,ANH
4089,28272.0,LAX,DTLA
4090,28280.0,LAX,HWD
4091,28286.0,LAX,DTLA
4092,28315.0,LAX,ANH
4093,28337.0,LAX,LGB
4094,28347.0,LAX,ANH
4095,28360.0,LAX,HWD
4096,28378.0,LAX,LGB
4097,28389.0,LAX,ANH
4098,28397.0,LAX,LGB
4099,28429.0,LAX,LGB
4100,28436.0,LAX,DTLA
4101,28447.0,LAX,DTLA
4102,28449.0,LAX,ANH
4103,28451.0,LAX,DTLA
4104,28518.0,LAX,HWD
4105,28565.0,LAX,LGB
4106,28616.0,LAX,LGB
4107,28669.0,LAX,HWD
4108,28682.0,LAX,HWD
4109,28689.0,LAX,LGB
4110,28711.0,LAX,LGB
4111,28716.0,LAX,ANH
4112,28718.0,LAX,LGB
4113,28718.0,LAX,HWD
4114,28724.0,LAX,DTLA
4115,28728.0,LAX,DTLA
4116,28749.0,LAX,HWD
4117,28761.0,LAX,ANH
4118,28762.0,LAX,LGB
4119,28764.0,LAX,ANH
4120,28786.0,LAX,DTLA
4121,28792.0,LAX,ANH
4122,28797.0,LAX,ANH
4123,28804.0,LAX,DTLA
4124,28805.0,LAX,HWD
4125,28812.0,LAX,DTLA
4126,28816.0,LAX,ANH
4127,28824.0,LAX,HWD
4128,28828.0,LAX,LGB
4129,28832.0,LAX,DTLA
4130,28832.0,LAX,HWD
4131,28842.0,LAX,DTLA
4132,28857.0,LAX,ANH
4133,28873.0,LAX,ANH
4134,28887.0,LAX,HWD
4135,28888.0,LAX,ANH
4136,28923.0,LAX,DTLA
4137,28932.0,LAX,DTLA
4138,28933.0,LAX,HWD
4139,28943.0,LAX,DTLA
4140,28977.0,LAX,ANH
4141,29024.0,LAX,HWD
4142,29037.0,LAX,DTLA
4143,29039.0,LAX,ANH
4144,29050.0,LAX,ANH
4145,29071.0,LAX,HWD
4146,29120.0,LAX,DTLA
4147,29149.0,LAX,ANH
4148,29163.0,LAX,HWD
4149,29175.0,LAX,ANH
4150,29177.0,LAX,DTLA
4151,29393.0,LAX,HWD
4152,29434.0,LAX,ANH
4153,29459.0,LAX,DTLA
4154,29536.0,LAX,LGB
4155,29586.0,LAX,DTLA
4156,29609.0,LAX,DTLA
4157,29784.0,LAX,ANH
4158,29812.0,LAX,DTLA
4159,29819.0,LAX,HWD
4160,29833.0,LAX,LGB
4161,29857.0,LAX,ANH
4162,29882.0,LAX,ANH
4163,29886.0,LAX,HWD
4164,29914.0,LAX,DTLA
4165,30015.0,LAX,ANH
4166,30016.0,LAX,DTLA
4167,30086.0,LAX,DTLA
4168,30122.0,LAX,ANH
4169,30163.0,LAX,HWD
4170,30192.0,LAX,DTLA
4171,30216.0,LAX,DTLA
4172,30246.0,LAX,ANH
4173,30260.0,LAX,ANH
4174,30273.0,LAX,HWD
4175,30282.0,LAX,DTLA
4176,30289.0,LAX,ANH
4177,30294.0,LAX,DTLA
4178,30296.0,LAX,HWD
4179,30329.0,LAX,ANH
4180,30351.0,LAX,ANH
4181,30361.0,LAX,ANH
4182,30362.0,LAX,LGB
4183,30381.0,LAX,DTLA
4184,30385.0,LAX,HWD
4185,30410.0,LAX,DTLA
4186,30420.0,LAX,DTLA
4187,30423.0,LAX,DTLA
4188,30430.0,LAX,LGB
4189,30461.0,LAX,ANH
4190,30497.0,LAX,HWD
4191,30504.0,LAX,DTLA
4192,30525.0,LAX,HWD
4193,30538.0,LAX,LGB
4194,30651.0,LAX,ANH
4195,30867.0,LAX,ANH
4196,30932.0,LAX,LGB
4197,30977.0,LAX,ANH
4198,31021.0,LAX,DTLA
4199,31034.0,LAX,LGB
4200,31104.0,LAX,DTLA
4201,31123.0,LAX,LGB
4202,31135.0,LAX,LGB
4203,31149.0,LAX,LGB
4204,31165.0,LAX,LGB
4205,31172.0,LAX,ANH
4206,31231.0,LAX,LGB
4207,31239.0,LAX,DTLA
4208,31239.0,LAX,ANH
4209,31246.0,LAX,ANH
4210,31254.0,LAX,DTLA
4211,31260.0,LAX,ANH
4212,31265.0,LAX,ANH
4213,31293.0,LAX,HWD
4214,31344.0,LAX,HWD
4215,31350.0,LAX,DTLA
4216,31355.0,LAX,ANH
4217,31357.0,LAX,ANH
4218,31370.0,LAX,LGB
4219,31373.0,LAX,ANH
4220,31408.0,LAX,ANH
4221,31422.0,LAX,ANH
4222,31427.0,LAX,ANH
4223,31475.0,LAX,ANH
4224,31585.0,LAX,HWD
4225,31627.0,LAX,LGB
4226,31650.0,LAX,LGB
4227,31699.0,LAX,DTLA
4228,31778.0,LAX,HWD
4229,31792.0,LAX,HWD
4230,31807.0,LAX,ANH
4231,31887.0,LAX,LGB
4232,31906.0,LAX,DTLA
4233,31930.0,LAX,HWD
4234,31946.0,LAX,LGB
4235,31948.0,LAX,ANH
4236,31952.0,LAX,ANH
4237,31964.0,LAX,DTLA
4238,31977.0,LAX,ANH
4239,31997.0,LAX,ANH
4240,32010.0,LAX,LGB
4241,32027.0,LAX,HWD
4242,32039.0,LAX,HWD
4243,32039.0,LAX,ANH
4244,32049.0,LAX,DTLA
4245,32062.0,LAX,ANH
4246,32098.0,LAX,ANH
4247,32104.0,LAX,HWD
4248,32106.0,LAX,LGB
4249,32109.0,LAX,ANH
4250,32153.0,LAX,ANH
4251,32166.0,LAX,HWD
4252,32192.0,LAX,DTLA
4253,32205.0,LAX,ANH
4254,32244.0,LAX,DTLA
4255,32256.0,LAX,ANH
4256,32273.0,LAX,LGB
4257,32279.0,LAX,HWD
4258,32410.0,LAX,HWD
4259,32456.0,LAX,HWD
4260,32473.0,LAX,LGB
4261,32539.0,LAX,ANH
4262,32571.0,LAX,ANH
4263,32585.0,LAX,LGB
4264,32607.0,LAX,ANH
4265,32621.0,LAX,DTLA
4266,32667.0,LAX,DTLA
4267,32676.0,LAX,DTLA
4268,32698.0,LAX,ANH
4269,32723.0,LAX,DTLA
4270,32724.0,LAX,ANH
4271,32767.0,LAX,HWD
4272,32773.0,LAX,LGB
4273,32821.0,LAX,DTLA
4274,32849.0,LAX,ANH
4275,32853.0,LAX,HWD
4276,32859.0,LAX,ANH
4277,32871.0,LAX,ANH
4278,32874.0,LAX,HWD
4279,32884.0,LAX,DTLA
4280,32887.0,LAX,HWD
4281,32929.0,LAX,HWD
4282,32936.0,LAX,DTLA
4283,32943.0,LAX,DTLA
4284,32946.0,LAX,ANH
4285,32948.0,LAX,HWD
4286,32965.0,LAX,ANH
4287,32992.0,LAX,DTLA
4288,33003.0,LAX,ANH
4289,33043.0,LAX,HWD
4290,33049.0,LAX,DTLA
4291,33054.0,LAX,ANH
4292,33059.0,LAX,LGB
4293,33061.0,LAX,LGB
4294,33080.0,LAX,ANH
4295,33086.0,LAX,ANH
4296,33093.0,LAX,LGB
4297,33103.0,LAX,ANH
4298,33104.0,LAX,DTLA
4299,33104.0,LAX,LGB
4300,33119.0,LAX,DTLA
4301,33125.0,LAX,ANH
4302,33137.0,LAX,LGB
4303,33151.0,LAX,ANH
4304,33157.0,LAX,ANH
4305,33170.0,LAX,DTLA
4306,33172.0,LAX,ANH
4307,33178.0,LAX,HWD
4308,33185.0,LAX,DTLA
4309,33213.0,LAX,LGB
4310,33213.0,LAX,DTLA
4311,33216.0,LAX,ANH
4312,33217.0,LAX,DTLA
4313,33235.0,LAX,LGB
4314,33245.0,LAX,DTLA
4315,33246.0,LAX,HWD
4316,33254.0,LAX,DTLA
4317,33266.0,LAX,DTLA
4318,33290.0,LAX,DTLA
4319,33295.0,LAX,HWD
4320,33339.0,LAX,LGB
4321,33355.0,LAX,DTLA
4322,33358.0,LAX,DTLA
4323,33360.0,LAX,DTLA
4324,33373.0,LAX,ANH
4325,33406.0,LAX,ANH
4326,33473.0,LAX,LGB
4327,33522.0,LAX,DTLA
4328,33553.0,LAX,LGB
4329,33568.0,LAX,LGB
4330,33571.0,LAX,ANH
4331,33571.0,LAX,DTLA
4332,33605.0,LAX,ANH
4333,33624.0,LAX,ANH
4334,33636.0,LAX,DTLA
4335,33655.0,LAX,DTLA
4336,33662.0,LAX,ANH
4337,33711.0,LAX,ANH
4338,33718.0,LAX,HWD
4339,33724.0,LAX,HWD
4340,33767.0,LAX,DTLA
4341,33812.0,LAX,ANH
4342,33818.0,LAX,HWD
4343,33821.0,LAX,DTLA
4344,33833.0,LAX,DTLA
4345,33841.0,LAX,ANH
4346,33859.0,LAX,LGB
4347,33885.0,LAX,DTLA
4348,33885.0,LAX,ANH
4349,33910.0,LAX,DTLA
4350,33928.0,LAX,LGB
4351,33938.0,LAX,DTLA
4352,33958.0,LAX,DTLA
4353,34008.0,LAX,DTLA
4354,34051.0,LAX,HWD
4355,34053.0,LAX,DTLA
4356,34061.0,LAX,ANH
4357,34067.0,LAX,DTLA
4358,34071.0,LAX,LGB
4359,34127.0,LAX,ANH
4360,34138.0,LAX,DTLA
4361,34145.0,LAX,DTLA
4362,34176.0,LAX,HWD
4363,34247.0,LAX,HWD
4364,34404.0,LAX,HWD
4365,34405.0,LAX,DTLA
4366,34419.0,LAX,ANH
4367,34461.0,LAX,ANH
4368,34469.0,LAX,LGB
4369,34520.0,LAX,LGB
4370,34613.0,LAX,DTLA
4371,34616.0,LAX,ANH
4372,34623.0,LAX,ANH
4373,34832.0,LAX,ANH
4374,34836.0,LAX,LGB
4375,34871.0,LAX,HWD
4376,34975.0,LAX,HWD
4377,35056.0,LAX,ANH
4378,35056.0,LAX,DTLA
4379,35057.0,LAX,LGB
4380,35059.0,LAX,LGB
4381,35074.0,LAX,DTLA
4382,35086.0,LAX,HWD
4383,35086.0,LAX,DTLA
4384,35093.0,LAX,ANH
4385,35100.0,LAX,ANH
4386,35106.0,LAX,HWD
4387,35109.0,LAX,DTLA
4388,35113.0,LAX,HWD
4389,35121.0,LAX,ANH
4390,35123.0,LAX,ANH
4391,35124.0,LAX,HWD
4392,35130.0,LAX,LGB
4393,35132.0,LAX,ANH
4394,35135.0,LAX,LGB
4395,35138.0,LAX,DTLA
4396,35140.0,LAX,LGB
4397,35145.0,LAX,DTLA
4398,35146.0,LAX,LGB
4399,35152.0,LAX,ANH
4400,35162.0,LAX,HWD
4401,35173.0,LAX,LGB
4402,35176.0,LAX,HWD
4403,35179.0,LAX,LGB
4404,35185.0,LAX,LGB
4405,35186.0,LAX,ANH
4406,35194.0,LAX,HWD
4407,35214.0,LAX,DTLA
4408,35216.0,LAX,DTLA
4409,35220.0,LAX,DTLA
4410,35223.0,LAX,DTLA
4411,35225.0,LAX,ANH
4412,35225.0,LAX,HWD
4413,35226.0,LAX,LGB
4414,35231.0,LAX,LGB
4415,35231.0,LAX,HWD
4416,35233.0,LAX,LGB
4417,35237.0,LAX,HWD
4418,35238.0,LAX,LGB
4419,35239.0,LAX,ANH
4420,35269.0,LAX,DTLA
4421,35281.0,LAX,HWD
4422,35284.0,LAX,DTLA
4423,35292.0,LAX,DTLA
4424,35299.0,LAX,LGB
4425,35306.0,LAX,DTLA
4426,35341.0,LAX,ANH
4427,35341.0,LAX,HWD
4428,35382.0,LAX,LGB
4429,35384.0,LAX,LGB
4430,35396.0,LAX,ANH
4431,35443.0,LAX,DTLA
4432,35450.0,LAX,DTLA
4433,35460.0,LAX,DTLA
4434,35487.0,LAX,ANH
4435,35506.0,LAX,ANH
4436,35508.0,LAX,ANH
4437,35537.0,LAX,ANH
4438,35547.0,LAX,LGB
4439,35557.0,LAX,LGB
4440,35568.0,LAX,LGB
4441,35579.0,LAX,LGB
4442,35586.0,LAX,ANH
4443,35588.0,LAX,ANH
4444,35592.0,LAX,ANH
4445,35686.0,LAX,ANH
4446,35713.0,LAX,DTLA
4447,35716.0,LAX,ANH
4448,35725.0,LAX,LGB
4449,35726.0,LAX,ANH
4450,35735.0,LAX,ANH
4451,35749.0,LAX,LGB
4452,35757.0,LAX,HWD
4453,35779.0,LAX,DTLA
4454,35786.0,LAX,ANH
4455,35796.0,LAX,HWD
4456,35821.0,LAX,ANH
4457,35828.0,LAX,LGB
4458,35844.0,LAX,ANH
4459,35860.0,LAX,DTLA
4460,35861.0,LAX,DTLA
4461,35870.0,LAX,ANH
4462,35870.0,LAX,DTLA
4463,35883.0,LAX,DTLA
4464,35887.0,LAX,HWD
4465,35891.0,LAX,HWD
4466,35896.0,LAX,DTLA
4467,35912.0,LAX,DTLA
4468,35929.0,LAX,HWD
4469,35950.0,LAX,ANH
4470,35967.0,LAX,LGB
4471,35972.0,LAX,HWD
4472,35981.0,LAX,LGB
4473,35990.0,LAX,ANH
4474,35993.0,LAX,DTLA
4475,35993.0,LAX,LGB
4476,36015.0,LAX,LGB
4477,36023.0,LAX,DTLA
4478,36049.0,LAX,HWD
4479,36058.0,LAX,DTLA
4480,36058.0,LAX,DTLA
4481,36062.0,LAX,ANH
4482,36063.0,LAX,HWD
4483,36066.0,LAX,ANH
4484,36072.0,LAX,HWD
4485,36094.0,LAX,DTLA
4486,36117.0,LAX,DTLA
4487,36120.0,LAX,LGB
4488,36121.0,LAX,ANH
4489,36128.0,LAX,HWD
4490,36131.0,LAX,ANH
4491,36155.0,LAX,DTLA
4492,36164.0,LAX,DTLA
4493,36176.0,LAX,DTLA
4494,36177.0,LAX,HWD
4495,36206.0,LAX,DTLA
4496,36267.0,LAX,LGB
4497,36269.0,LAX,LGB
4498,36323.0,LAX,HWD
4499,36330.0,LAX,ANH
4500,36342.0,LAX,ANH
4501,36343.0,LAX,HWD
4502,36346.0,LAX,DTLA
4503,36379.0,LAX,ANH
4504,36391.0,LAX,HWD
4505,36407.0,LAX,HWD
4506,36448.0,LAX,ANH
4507,36460.0,LAX,HWD
4508,36463.0,LAX,DTLA
4509,36477.0,LAX,DTLA
4510,36489.0,LAX,HWD
4511,36494.0,LAX,HWD
4512,36499.0,LAX,LGB
4513,36541.0,LAX,HWD
4514,36563.0,LAX,HWD
4515,36576.0,LAX,DTLA
4516,36629.0,LAX,DTLA
4517,36634.0,LAX,DTLA
4518,36645.0,LAX,ANH
4519,36658.0,LAX,HWD
4520,36665.0,LAX,LGB
4521,36686.0,LAX,ANH
4522,36740.0,LAX,ANH
4523,36782.0,LAX,ANH
4524,36791.0,LAX,LGB
4525,36794.0,LAX,LGB
4526,36816.0,LAX,DTLA
4527,36956.0,LAX,LGB
4528,37004.0,LAX,DTLA
4529,37046.0,LAX,HWD
4530,37047.0,LAX,DTLA
4531,37065.0,LAX,LGB
4532,37081.0,LAX,HWD
4533,37109.0,LAX,ANH
4534,37115.0,LAX,LGB
4535,37127.0,LAX,ANH
4536,37144.0,LAX,DTLA
4537,37146.0,LAX,HWD
4538,37153.0,LAX,DTLA
4539,37161.0,LAX,LGB
4540,37168.0,LAX,HWD
4541,37181.0,LAX,LGB
4542,37192.0,LAX,HWD
4543,37193.0,LAX,ANH
4544,37212.0,LAX,DTLA
4545,37216.0,LAX,DTLA
4546,37236.0,LAX,ANH
4547,37242.0,LAX,DTLA
4548,37245.0,LAX,HWD
4549,37245.0,LAX,LGB
4550,37247.0,LAX,DTLA
4551,37255.0,LAX,HWD
4552,37286.0,LAX,DTLA
4553,37290.0,LAX,ANH
4554,37315.0,LAX,HWD
4555,37328.0,LAX,ANH
4556,37330.0,LAX,DTLA
4557,37338.0,LAX,DTLA
4558,37347.0,LAX,HWD
4559,37358.0,LAX,LGB
4560,37359.0,LAX,ANH
4561,37361.0,LAX,DTLA
4562,37361.0,LAX,LGB
4563,37379.0,LAX,DTLA
4564,37379.0,LAX,ANH
4565,37380.0,LAX,HWD
4566,37383.0,LAX,HWD
4567,37395.0,LAX,DTLA
4568,37400.0,LAX,HWD
4569,37405.0,LAX,ANH
4570,37452.0,LAX,DTLA
4571,37491.0,LAX,LGB
4572,37499.0,LAX,DTLA
4573,37503.0,LAX,ANH
4574,37520.0,LAX,ANH
4575,37526.0,LAX,ANH
4576,37526.0,LAX,DTLA
4577,37532.0,LAX,HWD
4578,37547.0,LAX,HWD
4579,37550.0,LAX,HWD
4580,37562.0,LAX,LGB
4581,37581.0,LAX,HWD
4582,37590.0,LAX,DTLA
4583,37596.0,LAX,LGB
4584,37598.0,LAX,DTLA
4585,37599.0,LAX,DTLA
4586,37601.0,LAX,LGB
4587,37609.0,LAX,HWD
4588,37622.0,LAX,HWD
4589,37631.0,LAX,ANH
4590,37637.0,LAX,DTLA
4591,37663.0,LAX,DTLA
4592,37685.0,LAX,DTLA
4593,37688.0,LAX,HWD
4594,37688.0,LAX,LGB
4595,37700.0,LAX,HWD
4596,37706.0,LAX,LGB
4597,37722.0,LAX,LGB
4598,37773.0,LAX,ANH
4599,37778.0,LAX,DTLA
4600,37778.0,LAX,LGB
4601,37786.0,LAX,ANH
4602,37794.0,LAX,DTLA
4603,37863.0,LAX,LGB
4604,37868.0,LAX,DTLA
4605,37883.0,LAX,ANH
4606,37897.0,LAX,HWD
4607,37922.0,LAX,HWD
4608,37934.0,LAX,HWD
4609,37946.0,LAX,ANH
4610,37948.0,LAX,ANH
4611,37965.0,LAX,ANH
4612,37989.0,LAX,ANH
4613,37990.0,LAX,HWD
4614,37990.0,LAX,ANH
4615,38001.0,LAX,DTLA
4616,38006.0,LAX,HWD
4617,38014.0,LAX,ANH
4618,38016.0,LAX,ANH
4619,38017.0,LAX,DTLA
4620,38020.0,LAX,ANH
4621,38021.0,LAX,LGB
4622,38028.0,LAX,ANH
4623,38038.0,LAX,ANH
4624,38046.0,LAX,DTLA
4625,38056.0,LAX,ANH
4626,38058.0,LAX,DTLA
4627,38061.0,LAX,DTLA
4628,38065.0,LAX,DTLA
4629,38074.0,LAX,DTLA
4630,38076.0,LAX,DTLA
4631,38110.0,LAX,ANH
4632,38116.0,LAX,HWD
4633,38120.0,LAX,ANH
4634,38122.0,LAX,HWD
4635,38143.0,LAX,HWD
4636,38316.0,LAX,DTLA
4637,38320.0,LAX,ANH
4638,38376.0,LAX,HWD
4639,38396.0,LAX,DTLA
4640,38408.0,LAX,LGB
4641,38418.0,LAX,ANH
4642,38422.0,LAX,HWD
4643,38426.0,LAX,DTLA
4644,38495.0,LAX,LGB
4645,38505.0,LAX,ANH
4646,38517.0,LAX,DTLA
4647,38568.0,LAX,DTLA
4648,38579.0,LAX,LGB
4649,38620.0,LAX,LGB
4650,38677.0,LAX,HWD
4651,38723.0,LAX,ANH
4652,38758.0,LAX,HWD
4653,38776.0,LAX,ANH
4654,38808.0,LAX,DTLA
4655,38822.0,LAX,DTLA
4656,38825.0,LAX,HWD
4657,38830.0,LAX,LGB
4658,38833.0,LAX,DTLA
4659,38908.0,LAX,LGB
4660,38915.0,LAX,ANH
4661,38923.0,LAX,HWD
4662,38950.0,LAX,HWD
4663,39000.0,LAX,HWD
4664,39031.0,LAX,DTLA
4665,39059.0,LAX,LGB
4666,39086.0,LAX,DTLA
4667,39093.0,LAX,LGB
4668,39108.0,LAX,HWD
4669,39122.0,LAX,LGB
4670,39122.0,LAX,ANH
4671,39137.0,LAX,ANH
4672,39143.0,LAX,ANH
4673,39149.0,LAX,LGB
4674,39160.0,LAX,LGB
4675,39165.0,LAX,HWD
4676,39170.0,LAX,HWD
4677,39183.0,LAX,DTLA
4678,39189.0,LAX,HWD
4679,39191.0,LAX,DTLA
4680,39195.0,LAX,HWD
4681,39198.0,LAX,ANH
4682,39201.0,LAX,HWD
4683,39215.0,LAX,ANH
4684,39221.0,LAX,HWD
4685,39282.0,LAX,ANH
4686,39298.0,LAX,LGB
4687,39299.0,LAX,ANH
4688,39301.0,LAX,ANH
4689,39311.0,LAX,DTLA
4690,39318.0,LAX,HWD
4691,39333.0,LAX,ANH
4692,39336.0,LAX,DTLA
4693,39342.0,LAX,DTLA
4694,39348.0,LAX,DTLA
4695,39349.0,LAX,LGB
4696,39350.0,LAX,ANH
4697,39360.0,LAX,LGB
4698,39364.0,LAX,DTLA
4699,39369.0,LAX,DTLA
4700,39371.0,LAX,ANH
4701,39373.0,LAX,DTLA
4702,39406.0,LAX,LGB
4703,39411.0,LAX,DTLA
4704,39418.0,LAX,HWD
4705,39419.0,LAX,DTLA
4706,39421.0,LAX,ANH
4707,39424.0,LAX,HWD
4708,39428.0,LAX,DTLA
4709,39460.0,LAX,LGB
4710,39474.0,LAX,DTLA
4711,39480.0,LAX,HWD
4712,39480.0,LAX,HWD
4713,39500.0,LAX,DTLA
4714,39505.0,LAX,DTLA
4715,39507.0,LAX,ANH
4716,39512.0,LAX,HWD
4717,39520.0,LAX,ANH
4718,39521.0,LAX,HWD
4719,39533.0,LAX,ANH
4720,39556.0,LAX,DTLA
4721,39564.0,LAX,ANH
4722,39566.0,LAX,ANH
4723,39568.0,LAX,ANH
4724,39575.0,LAX,HWD
4725,39577.0,LAX,DTLA
4726,39587.0,LAX,DTLA
4727,39591.0,LAX,LGB
4728,39602.0,LAX,ANH
4729,39617.0,LAX,DTLA
4730,39619.0,LAX,HWD
4731,39626.0,LAX,DTLA
4732,39644.0,LAX,LGB
4733,39660.0,LAX,DTLA
4734,39672.0,LAX,ANH
4735,39672.0,LAX,DTLA
4736,39674.0,LAX,DTLA
4737,39682.0,LAX,LGB
4738,39687.0,LAX,ANH
4739,39698.0,LAX,ANH
4740,39705.0,LAX,DTLA
4741,39720.0,LAX,LGB
4742,39725.0,LAX,DTLA
4743,39730.0,LAX,DTLA
4744,39732.0,LAX,HWD
4745,39796.0,LAX,DTLA
4746,39813.0,LAX,HWD
4747,39815.0,LAX,HWD
4748,39835.0,LAX,HWD
4749,39848.0,LAX,DTLA
4750,39855.0,LAX,ANH
4751,39885.0,LAX,LGB
4752,39885.0,LAX,ANH
4753,39894.0,LAX,DTLA
4754,39917.0,LAX,HWD
4755,39951.0,LAX,LGB
4756,39961.0,LAX,DTLA
4757,39994.0,LAX,DTLA
4758,39995.0,LAX,LGB
4759,39999.0,LAX,HWD
4760,40052.0,LAX,DTLA
4761,40140.0,LAX,HWD
4762,40178.0,LAX,DTLA
4763,40257.0,LAX,LGB
4764,40262.0,LAX,HWD
4765,40272.0,LAX,LGB
4766,40297.0,LAX,ANH
4767,40303.0,LAX,LGB
4768,40306.0,LAX,LGB
4769,40320.0,LAX,LGB
4770,40327.0,LAX,DTLA
4771,40334.0,LAX,DTLA
4772,40352.0,LAX,LGB
4773,40378.0,LAX,DTLA
4774,40384.0,LAX,HWD
4775,40384.0,LAX,DTLA
4776,40395.0,LAX,LGB
4777,40420.0,LAX,DTLA
4778,40437.0,LAX,DTLA
4779,40438.0,LAX,HWD
4780,40444.0,LAX,DTLA
4781,40451.0,LAX,ANH
4782,40453.0,LAX,DTLA
4783,40454.0,LAX,DTLA
4784,40458.0,LAX,HWD
4785,40468.0,LAX,ANH
4786,40485.0,LAX,HWD
4787,40485.0,LAX,HWD
4788,40499.0,LAX,DTLA
4789,40499.0,LAX,HWD
4790,40504.0,LAX,DTLA
4791,40507.0,LAX,LGB
4792,40513.0,LAX,DTLA
4793,40528.0,LAX,HWD
4794,40534.0,LAX,HWD
4795,40536.0,LAX,LGB
4796,40536.0,LAX,DTLA
4797,40539.0,LAX,ANH
4798,40542.0,LAX,LGB
4799,40549.0,LAX,HWD
4800,40549.0,LAX,DTLA
4801,40570.0,LAX,LGB
4802,40579.0,LAX,DTLA
4803,40582.0,LAX,DTLA
4804,40586.0,LAX,DTLA
4805,40592.0,LAX,DTLA
4806,40599.0,LAX,DTLA
4807,40602.0,LAX,LGB
4808,40610.0,LAX,ANH
4809,40625.0,LAX,ANH
4810,40634.0,LAX,HWD
4811,40641.0,LAX,HWD
4812,40646.0,LAX,DTLA
4813,40647.0,LAX,ANH
4814,40658.0,LAX,ANH
4815,40670.0,LAX,ANH
4816,40700.0,LAX,HWD
4817,40716.0,LAX,ANH
4818,40720.0,LAX,DTLA
4819,40733.0,LAX,HWD
4820,40741.0,LAX,LGB
4821,40748.0,LAX,LGB
4822,40749.0,LAX,DTLA
4823,40754.0,LAX,HWD
4824,40781.0,LAX,ANH
4825,40800.0,LAX,DTLA
4826,40802.0,LAX,HWD
4827,40824.0,LAX,ANH
4828,40834.0,LAX,LGB
4829,40869.0,LAX,LGB
4830,40912.0,LAX,DTLA
4831,40921.0,LAX,ANH
4832,40927.0,LAX,ANH
4833,40933.0,LAX,DTLA
4834,40938.0,LAX,ANH
4835,40940.0,LAX,DTLA
4836,40963.0,LAX,DTLA
4837,40964.0,LAX,LGB
4838,40978.0,LAX,DTLA
4839,40985.0,LAX,HWD
4840,41027.0,LAX,ANH
4841,41031.0,LAX,HWD
4842,41040.0,LAX,ANH
4843,41075.0,LAX,HWD
4844,41078.0,LAX,LGB
4845,41114.0,LAX,DTLA
4846,41121.0,LAX,HWD
4847,41157.0,LAX,ANH
4848,41167.0,LAX,ANH
4849,41181.0,LAX,DTLA
4850,41191.0,LAX,DTLA
4851,41203.0,LAX,LGB
4852,41251.0,LAX,HWD
4853,41261.0,LAX,LGB
4854,41269.0,LAX,DTLA
4855,41278.0,LAX,ANH
4856,41292.0,LAX,DTLA
4857,41304.0,LAX,LGB
4858,41315.0,LAX,ANH
4859,41320.0,LAX,DTLA
4860,41322.0,LAX,HWD
4861,41334.0,LAX,HWD
4862,41336.0,LAX,LGB
4863,41373.0,LAX,DTLA
4864,41379.0,LAX,HWD
4865,41381.0,LAX,HWD
4866,41396.0,LAX,DTLA
4867,41405.0,LAX,HWD
4868,41435.0,LAX,ANH
4869,41438.0,LAX,DTLA
4870,41445.0,LAX,LGB
4871,41447.0,LAX,ANH
4872,41449.0,LAX,ANH
4873,41462.0,LAX,LGB
4874,41467.0,LAX,DTLA
4875,41494.0,LAX,ANH
4876,41495.0,LAX,DTLA
4877,41497.0,LAX,LGB
4878,41545.0,LAX,LGB
4879,41563.0,LAX,ANH
4880,41565.0,LAX,HWD
4881,41590.0,LAX,LGB
4882,41604.0,LAX,LGB
4883,41629.0,LAX,HWD
4884,41659.0,LAX,DTLA
4885,41665.0,LAX,LGB
4886,41669.0,LAX,DTLA
4887,41709.0,LAX,DTLA
4888,41711.0,LAX,ANH
4889,41712.0,LAX,HWD
4890,41732.0,LAX,DTLA
4891,41742.0,LAX,ANH
4892,41783.0,LAX,LGB
4893,41836.0,LAX,LGB
4894,41896.0,LAX,LGB
4895,41993.0,LAX,DTLA
4896,42030.0,LAX,LGB
4897,42038.0,LAX,HWD
4898,42048.0,LAX,ANH
4899,42059.0,LAX,ANH
4900,42096.0,LAX,ANH
4901,42107.0,LAX,HWD
4902,42138.0,LAX,DTLA
4903,42148.0,LAX,LGB
4904,42157.0,LAX,DTLA
4905,42166.0,LAX,ANH
4906,42171.0,LAX,DTLA
4907,42255.0,LAX,DTLA
4908,42275.0,LAX,DTLA
4909,42276.0,LAX,ANH
4910,42277.0,LAX,LGB
4911,42281.0,LAX,HWD
4912,42318.0,LAX,LGB
4913,42328.0,LAX,ANH
4914,42336.0,LAX,LGB
4915,42369.0,LAX,DTLA
4916,42436.0,LAX,DTLA
4917,42455.0,LAX,HWD
4918,42479.0,LAX,DTLA
4919,42497.0,LAX,DTLA
4920,42499.0,LAX,DTLA
4921,42509.0,LAX,DTLA
4922,42516.0,LAX,ANH
4923,42534.0,LAX,ANH
4924,42541.0,LAX,DTLA
4925,42554.0,LAX,LGB
4926,42565.0,LAX,HWD
4927,42569.0,LAX,ANH
4928,42583.0,LAX,LGB
4929,42589.0,LAX,DTLA
4930,42590.0,LAX,HWD
4931,42602.0,LAX,HWD
4932,42609.0,LAX,HWD
4933,42615.0,LAX,DTLA
4934,42616.0,LAX,ANH
4935,42638.0,LAX,DTLA
4936,42641.0,LAX,ANH
4937,42642.0,LAX,LGB
4938,42654.0,LAX,ANH
4939,42656.0,LAX,LGB
4940,42658.0,LAX,ANH
4941,42668.0,LAX,DTLA
4942,42668.0,LAX,DTLA
4943,42704.0,LAX,LGB
4944,42712.0,LAX,HWD
4945,42716.0,LAX,LGB
4946,42736.0,LAX,ANH
4947,42738.0,LAX,DTLA
4948,42744.0,LAX,LGB
4949,42745.0,LAX,DTLA
4950,42754.0,LAX,HWD
4951,42762.0,LAX,ANH
4952,42766.0,LAX,HWD
4953,42777.0,LAX,ANH
4954,42778.0,LAX,ANH
4955,42783.0,LAX,ANH
4956,42797.0,LAX,ANH
4957,42802.0,LAX,DTLA
4958,42805.0,LAX,HWD
4959,42835.0,LAX,ANH
4960,42840.0,LAX,HWD
4961,42856.0,LAX,HWD
4962,42867.0,LAX,DTLA
4963,42880.0,LAX,DTLA
4964,42932.0,LAX,ANH
4965,43057.0,LAX,HWD
4966,43057.0,LAX,LGB
4967,43079.0,LAX,ANH
4968,43087.0,LAX,ANH
4969,43108.0,LAX,ANH
4970,43111.0,LAX,LGB
4971,43141.0,LAX,HWD
4972,43154.0,LAX,HWD
4973,43164.0,LAX,ANH
4974,43165.0,LAX,HWD
4975,43166.0,LAX,HWD
4976,43173.0,LAX,LGB
4977,43183.0,LAX,DTLA
4978,43189.0,LAX,DTLA
4979,43194.0,LAX,ANH
4980,43194.0,LAX,HWD
4981,43205.0,LAX,LGB
4982,43218.0,LAX,ANH
4983,43222.0,LAX,DTLA
4984,43237.0,LAX,ANH
4985,43268.0,LAX,ANH
4986,43282.0,LAX,HWD
4987,43311.0,LAX,DTLA
4988,43313.0,LAX,DTLA
4989,43338.0,LAX,LGB
4990,43367.0,LAX,HWD
4991,43411.0,LAX,HWD
4992,43447.0,LAX,ANH
4993,43451.0,LAX,DTLA
4994,43467.0,LAX,ANH
4995,43498.0,LAX,HWD
4996,43516.0,LAX,DTLA
4997,43527.0,LAX,DTLA
4998,43567.0,LAX,HWD
4999,43573.0,LAX,DTLA
5000,43615.0,LAX,ANH
5001,43630.0,LAX,DTLA
5002,43639.0,LAX,HWD
5003,43639.0,LAX,DTLA
5004,43682.0,LAX,HWD
5005,43713.0,LAX,HWD
5006,43740.0,LAX,LGB
5007,43747.0,LAX,LGB
5008,43759.0,LAX,ANH
5009,43777.0,LAX,HWD
5010,43777.0,LAX,ANH
5011,43957.0,LAX,HWD
5012,43978.0,LAX,HWD
5013,44001.0,LAX,DTLA
5014,44037.0,LAX,HWD
5015,44056.0,LAX,HWD
5016,44115.0,LAX,LGB
5017,44177.0,LAX,ANH
5018,44187.0,LAX,DTLA
5019,44200.0,LAX,ANH
5020,44222.0,LAX,ANH
5021,44226.0,LAX,ANH
5022,44230.0,LAX,ANH
5023,44232.0,LAX,HWD
5024,44239.0,LAX,DTLA
5025,44242.0,LAX,LGB
5026,44242.0,LAX,HWD
5027,44247.0,LAX,ANH
5028,44260.0,LAX,HWD
5029,44269.0,LAX,DTLA
5030,44274.0,LAX,DTLA
5031,44290.0,LAX,DTLA
5032,44299.0,LAX,HWD
5033,44306.0,LAX,HWD
5034,44332.0,LAX,ANH
5035,44346.0,LAX,DTLA
5036,44351.0,LAX,DTLA
5037,44351.0,LAX,DTLA
5038,44358.0,LAX,LGB
5039,44360.0,LAX,DTLA
5040,44395.0,LAX,LGB
5041,44415.0,LAX,LGB
5042,44416.0,LAX,DTLA
5043,44420.0,LAX,ANH
5044,44430.0,LAX,LGB
5045,44431.0,LAX,ANH
5046,44436.0,LAX,HWD
5047,44441.0,LAX,HWD
5048,44443.0,LAX,LGB
5049,44459.0,LAX,LGB
5050,44470.0,LAX,DTLA
5051,44500.0,LAX,ANH
5052,44511.0,LAX,LGB
5053,44518.0,LAX,HWD
5054,44523.0,LAX,HWD
5055,44571.0,LAX,DTLA
5056,44624.0,LAX,DTLA
5057,44767.0,LAX,HWD
5058,44767.0,LAX,HWD
5059,44781.0,LAX,DTLA
5060,44788.0,LAX,HWD
5061,44792.0,LAX,HWD
5062,44817.0,LAX,LGB
5063,44839.0,LAX,LGB
5064,44840.0,LAX,DTLA
5065,44845.0,LAX,ANH
5066,44849.0,LAX,LGB
5067,44860.0,LAX,ANH
5068,44869.0,LAX,HWD
5069,44886.0,LAX,LGB
5070,44888.0,LAX,DTLA
5071,44890.0,LAX,ANH
5072,44893.0,LAX,HWD
5073,44905.0,LAX,ANH
5074,44915.0,LAX,ANH
5075,44926.0,LAX,HWD
5076,44933.0,LAX,LGB
5077,44933.0,LAX,ANH
5078,44951.0,LAX,DTLA
5079,44989.0,LAX,LGB
5080,45019.0,LAX,DTLA
5081,45040.0,LAX,DTLA
5082,45064.0,LAX,ANH
5083,45067.0,LAX,DTLA
5084,45069.0,LAX,HWD
5085,45080.0,LAX,ANH
5086,45098.0,LAX,HWD
5087,45102.0,LAX,LGB
5088,45105.0,LAX,HWD
5089,45129.0,LAX,DTLA
5090,45138.0,LAX,DTLA
5091,45148.0,LAX,DTLA
5092,45151.0,LAX,ANH
5093,45158.0,LAX,DTLA
5094,45160.0,LAX,DTLA
5095,45167.0,LAX,DTLA
5096,45178.0,LAX,ANH
5097,45205.0,LAX,DTLA
5098,45210.0,LAX,HWD
5099,45211.0,LAX,DTLA
5100,45216.0,LAX,HWD
5101,45243.0,LAX,DTLA
5102,45256.0,LAX,LGB
5103,45256.0,LAX,LGB
5104,45260.0,LAX,LGB
5105,45280.0,LAX,DTLA
5106,45287.0,LAX,DTLA
5107,45294.0,LAX,HWD
5108,45311.0,LAX,DTLA
5109,45313.0,LAX,HWD
5110,45334.0,LAX,HWD
5111,45343.0,LAX,HWD
5112,45370.0,LAX,ANH
5113,45543.0,LAX,HWD
5114,45563.0,LAX,HWD
5115,45584.0,LAX,ANH
5116,45594.0,LAX,DTLA
5117,45612.0,LAX,ANH
5118,45612.0,LAX,HWD
5119,45612.0,LAX,DTLA
5120,45621.0,LAX,DTLA
5121,45622.0,LAX,LGB
5122,45634.0,LAX,DTLA
5123,45635.0,LAX,ANH
5124,45638.0,LAX,ANH
5125,45639.0,LAX,DTLA
5126,45653.0,LAX,DTLA
5127,45654.0,LAX,ANH
5128,45667.0,LAX,HWD
5129,45668.0,LAX,DTLA
5130,45671.0,LAX,LGB
5131,45684.0,LAX,HWD
5132,45689.0,LAX,HWD
5133,45712.0,LAX,DTLA
5134,45726.0,LAX,LGB
5135,45735.0,LAX,ANH
5136,45748.0,LAX,ANH
5137,45754.0,LAX,ANH
5138,45787.0,LAX,DTLA
5139,45803.0,LAX,ANH
5140,45887.0,LAX,LGB
5141,45940.0,LAX,HWD
5142,45957.0,LAX,LGB
5143,45966.0,LAX,LGB
5144,46100.0,LAX,ANH
5145,46171.0,LAX,ANH
5146,46179.0,LAX,DTLA
5147,46203.0,LAX,ANH
5148,46205.0,LAX,LGB
5149,46230.0,LAX,DTLA
5150,46251.0,LAX,DTLA
5151,46255.0,LAX,DTLA
5152,46260.0,LAX,HWD
5153,46266.0,LAX,HWD
5154,46277.0,LAX,HWD
5155,46286.0,LAX,HWD
5156,46293.0,LAX,HWD
5157,46306.0,LAX,HWD
5158,46314.0,LAX,DTLA
5159,46318.0,LAX,HWD
5160,46321.0,LAX,LGB
5161,46335.0,LAX,ANH
5162,46338.0,LAX,DTLA
5163,46344.0,LAX,LGB
5164,46366.0,LAX,HWD
5165,46370.0,LAX,ANH
5166,46393.0,LAX,LGB
5167,46399.0,LAX,DTLA
5168,46405.0,LAX,ANH
5169,46406.0,LAX,LGB
5170,46414.0,LAX,ANH
5171,46424.0,LAX,LGB
5172,46429.0,LAX,DTLA
5173,46437.0,LAX,ANH
5174,46440.0,LAX,HWD
5175,46448.0,LAX,LGB
5176,46465.0,LAX,DTLA
5177,46468.0,LAX,HWD
5178,46478.0,LAX,HWD
5179,46489.0,LAX,DTLA
5180,46497.0,LAX,DTLA
5181,46506.0,LAX,LGB
5182,46506.0,LAX,ANH
5183,46515.0,LAX,DTLA
5184,46519.0,LAX,ANH
5185,46528.0,LAX,ANH
5186,46534.0,LAX,ANH
5187,46535.0,LAX,LGB
5188,46552.0,LAX,HWD
5189,46559.0,LAX,ANH
5190,46563.0,LAX,HWD
5191,46564.0,LAX,HWD
5192,46566.0,LAX,ANH
5193,46575.0,LAX,ANH
5194,46596.0,LAX,DTLA
5195,46639.0,LAX,ANH
5196,46652.0,LAX,HWD
5197,46700.0,LAX,DTLA
5198,46791.0,LAX,ANH
5199,46896.0,LAX,HWD
5200,46946.0,LAX,HWD
5201,46948.0,LAX,ANH
5202,46972.0,LAX,DTLA
5203,46986.0,LAX,ANH
5204,46992.0,LAX,ANH
5205,47005.0,LAX,DTLA
5206,47016.0,LAX,DTLA
5207,47135.0,LAX,ANH
5208,47172.0,LAX,DTLA
5209,47210.0,LAX,HWD
5210,47213.0,LAX,ANH
5211,47274.0,LAX,DTLA
5212,47277.0,LAX,LGB
5213,47294.0,LAX,DTLA
5214,47305.0,LAX,HWD
5215,47336.0,LAX,LGB
5216,47352.0,LAX,HWD
5217,47356.0,LAX,ANH
5218,47363.0,LAX,DTLA
5219,47371.0,LAX,ANH
5220,47375.0,LAX,LGB
5221,47404.0,LAX,ANH
5222,47415.0,LAX,LGB
5223,47427.0,LAX,ANH
5224,47463.0,LAX,LGB
5225,47467.0,LAX,DTLA
5226,47478.0,LAX,LGB
5227,47489.0,LAX,DTLA
5228,47502.0,LAX,HWD
5229,47511.0,LAX,DTLA
5230,47524.0,LAX,LGB
5231,47544.0,LAX,HWD
5232,47550.0,LAX,DTLA
5233,47559.0,LAX,HWD
5234,47562.0,LAX,DTLA
5235,47565.0,LAX,ANH
5236,47567.0,LAX,ANH
5237,47568.0,LAX,HWD
5238,47576.0,LAX,LGB
5239,47590.0,LAX,HWD
5240,47593.0,LAX,LGB
5241,47606.0,LAX,ANH
5242,47639.0,LAX,DTLA
5243,47664.0,LAX,ANH
5244,47675.0,LAX,DTLA
5245,47690.0,LAX,HWD
5246,47703.0,LAX,ANH
5247,47711.0,LAX,HWD
5248,47711.0,LAX,LGB
5249,47719.0,LAX,HWD
5250,47757.0,LAX,ANH
5251,47767.0,LAX,HWD
5252,47768.0,LAX,DTLA
5253,47780.0,LAX,HWD
5254,47795.0,LAX,LGB
5255,47796.0,LAX,ANH
5256,47801.0,LAX,LGB
5257,47806.0,LAX,ANH
5258,47810.0,LAX,HWD
5259,47814.0,LAX,HWD
5260,47823.0,LAX,DTLA
5261,47848.0,LAX,ANH
5262,47852.0,LAX,LGB
5263,47853.0,LAX,HWD
5264,47866.0,LAX,HWD
5265,47870.0,LAX,HWD
5266,47875.0,LAX,LGB
5267,47894.0,LAX,ANH
5268,47903.0,LAX,DTLA
5269,47908.0,LAX,HWD
5270,47913.0,LAX,DTLA
5271,47972.0,LAX,ANH
5272,47985.0,LAX,LGB
5273,48004.0,LAX,HWD
5274,48035.0,LAX,DTLA
5275,48049.0,LAX,LGB
5276,48096.0,LAX,HWD
5277,48124.0,LAX,LGB
5278,48162.0,LAX,HWD
5279,48165.0,LAX,DTLA
5280,48178.0,LAX,DTLA
5281,48274.0,LAX,ANH
5282,48282.0,LAX,LGB
5283,48291.0,LAX,HWD
5284,48315.0,LAX,DTLA
5285,48369.0,LAX,HWD
5286,48379.0,LAX,ANH
5287,48390.0,LAX,HWD
5288,48450.0,LAX,ANH
5289,48466.0,LAX,DTLA
5290,48497.0,LAX,DTLA
5291,48512.0,LAX,DTLA
5292,48600.0,LAX,DTLA
5293,48615.0,LAX,DTLA
5294,48682.0,LAX,HWD
5295,48710.0,LAX,HWD
5296,48719.0,LAX,ANH
5297,48724.0,LAX,HWD
5298,48726.0,LAX,HWD
5299,48727.0,LAX,HWD
5300,48737.0,LAX,HWD
5301,48737.0,LAX,HWD
5302,48744.0,LAX,ANH
5303,48747.0,LAX,DTLA
5304,48770.0,LAX,ANH
5305,48813.0,LAX,DTLA
5306,48814.0,LAX,ANH
5307,48817.0,LAX,ANH
5308,48821.0,LAX,DTLA
5309,48829.0,LAX,ANH
5310,48856.0,LAX,HWD
5311,48857.0,LAX,HWD
5312,48858.0,LAX,HWD
5313,48859.0,LAX,HWD
5314,48916.0,LAX,LGB
5315,48923.0,LAX,ANH
5316,48942.0,LAX,DTLA
5317,48971.0,LAX,LGB
5318,48978.0,LAX,LGB
5319,48993.0,LAX,HWD
5320,49013.0,LAX,HWD
5321,49029.0,LAX,DTLA
5322,49098.0,LAX,DTLA
5323,49115.0,LAX,HWD
5324,49143.0,LAX,DTLA
5325,49200.0,LAX,HWD
5326,49206.0,LAX,ANH
5327,49236.0,LAX,LGB
5328,49256.0,LAX,LGB
5329,49266.0,LAX,ANH
5330,49287.0,LAX,ANH
5331,49307.0,LAX,ANH
5332,49374.0,LAX,LGB
5333,49394.0,LAX,HWD
5334,49401.0,LAX,DTLA
5335,49405.0,LAX,LGB
5336,49411.0,LAX,ANH
5337,49452.0,LAX,DTLA
5338,49467.0,LAX,DTLA
5339,49468.0,LAX,DTLA
5340,49473.0,LAX,DTLA
5341,49475.0,LAX,HWD
5342,49476.0,LAX,HWD
5343,49498.0,LAX,DTLA
5344,49554.0,LAX,DTLA
5345,49566.0,LAX,HWD
5346,49642.0,LAX,DTLA
5347,49766.0,LAX,ANH
5348,49919.0,LAX,HWD
5349,49919.0,LAX,HWD
5350,49920.0,LAX,HWD
5351,49920.0,LAX,LGB
5352,50103.0,LAX,ANH
5353,50113.0,LAX,DTLA
5354,50145.0,LAX,DTLA
5355,50169.0,LAX,ANH
5356,50192.0,LAX,ANH
5357,50196.0,LAX,LGB
5358,50209.0,LAX,ANH
5359,50224.0,LAX,LGB
5360,50251.0,LAX,HWD
5361,50264.0,LAX,ANH
5362,50320.0,LAX,DTLA
5363,50349.0,LAX,ANH
5364,50355.0,LAX,HWD
5365,50358.0,LAX,HWD
5366,50381.0,LAX,HWD
5367,50398.0,LAX,ANH
5368,50431.0,LAX,HWD
5369,50431.0,LAX,LGB
5370,50432.0,LAX,DTLA
5371,50444.0,LAX,LGB
5372,50456.0,LAX,DTLA
5373,50457.0,LAX,LGB
5374,50466.0,LAX,ANH
5375,50467.0,LAX,DTLA
5376,50467.0,LAX,LGB
5377,50469.0,LAX,ANH
5378,50470.0,LAX,DTLA
5379,50496.0,LAX,HWD
5380,50512.0,LAX,HWD
5381,50533.0,LAX,DTLA
5382,50539.0,LAX,DTLA
5383,50544.0,LAX,HWD
5384,50558.0,LAX,HWD
5385,50562.0,LAX,LGB
5386,50579.0,LAX,HWD
5387,50628.0,LAX,ANH
5388,50632.0,LAX,DTLA
5389,50634.0,LAX,LGB
5390,50638.0,LAX,DTLA
5391,50652.0,LAX,DTLA
5392,50662.0,LAX,ANH
5393,50668.0,LAX,DTLA
5394,50676.0,LAX,LGB
5395,50772.0,LAX,LGB
5396,50789.0,LAX,ANH
5397,50884.0,LAX,ANH
5398,50898.0,LAX,LGB
5399,50905.0,LAX,LGB
5400,50917.0,LAX,DTLA
5401,50943.0,LAX,DTLA
5402,50972.0,LAX,ANH
5403,50973.0,LAX,DTLA
5404,50975.0,LAX,LGB
5405,50981.0,LAX,ANH
5406,51057.0,LAX,LGB
5407,51083.0,LAX,LGB
5408,51088.0,LAX,LGB
5409,51092.0,LAX,HWD
5410,51105.0,LAX,ANH
5411,51114.0,LAX,HWD
5412,51122.0,LAX,DTLA
5413,51132.0,LAX,HWD
5414,51150.0,LAX,HWD
5415,51159.0,LAX,DTLA
5416,51174.0,LAX,DTLA
5417,51196.0,LAX,HWD
5418,51228.0,LAX,ANH
5419,51229.0,LAX,DTLA
5420,51234.0,LAX,HWD
5421,51254.0,LAX,LGB
5422,51258.0,LAX,LGB
5423,51295.0,LAX,LGB
5424,51393.0,LAX,DTLA
5425,51429.0,LAX,LGB
5426,51513.0,LAX,LGB
5427,51523.0,LAX,DTLA
5428,51539.0,LAX,DTLA
5429,51544.0,LAX,HWD
5430,51552.0,LAX,HWD
5431,51556.0,LAX,ANH
5432,51732.0,LAX,ANH
5433,51838.0,LAX,ANH
5434,51860.0,LAX,ANH
5435,51926.0,LAX,ANH
5436,51930.0,LAX,HWD
5437,51947.0,LAX,HWD
5438,51949.0,LAX,LGB
5439,51959.0,LAX,HWD
5440,51984.0,LAX,DTLA
5441,51987.0,LAX,LGB
5442,51993.0,LAX,HWD
5443,51997.0,LAX,HWD
5444,52054.0,LAX,HWD
5445,52056.0,LAX,HWD
5446,52057.0,LAX,ANH
5447,52081.0,LAX,LGB
5448,52091.0,LAX,ANH
5449,52185.0,LAX,ANH
5450,52214.0,LAX,ANH
5451,52252.0,LAX,ANH
5452,52293.0,LAX,HWD
5453,52341.0,LAX,LGB
5454,52360.0,LAX,ANH
5455,52389.0,LAX,DTLA
5456,52430.0,LAX,ANH
5457,52443.0,LAX,ANH
5458,52473.0,LAX,DTLA
5459,52498.0,LAX,DTLA
5460,52510.0,LAX,LGB
5461,52525.0,LAX,HWD
5462,52529.0,LAX,HWD
5463,52560.0,LAX,LGB
5464,52592.0,LAX,HWD
5465,52594.0,LAX,LGB
5466,52605.0,LAX,ANH
5467,52605.0,LAX,ANH
5468,52625.0,LAX,LGB
5469,52634.0,LAX,DTLA
5470,52635.0,LAX,DTLA
5471,52638.0,LAX,ANH
5472,52647.0,LAX,DTLA
5473,52665.0,LAX,LGB
5474,52668.0,LAX,ANH
5475,52732.0,LAX,DTLA
5476,52752.0,LAX,DTLA
5477,52795.0,LAX,ANH
5478,52822.0,LAX,HWD
5479,52958.0,LAX,LGB
5480,52963.0,LAX,HWD
5481,53004.0,LAX,LGB
5482,53007.0,LAX,HWD
5483,53009.0,LAX,DTLA
5484,53013.0,LAX,DTLA
5485,53051.0,LAX,HWD
5486,53090.0,LAX,DTLA
5487,53098.0,LAX,ANH
5488,53147.0,LAX,LGB
5489,53168.0,LAX,DTLA
5490,53204.0,LAX,ANH
5491,53207.0,LAX,HWD
5492,53221.0,LAX,ANH
5493,53252.0,LAX,DTLA
5494,53254.0,LAX,ANH
5495,53350.0,LAX,ANH
5496,53415.0,LAX,DTLA
5497,53434.0,LAX,DTLA
5498,53440.0,LAX,LGB
5499,53452.0,LAX,ANH
5500,53555.0,LAX,ANH
5501,53586.0,LAX,ANH
5502,53644.0,LAX,HWD
5503,53688.0,LAX,HWD
5504,53725.0,LAX,DTLA
5505,53736.0,LAX,DTLA
5506,53750.0,LAX,ANH
5507,53777.0,LAX,ANH
5508,53789.0,LAX,HWD
5509,53793.0,LAX,LGB
5510,53807.0,LAX,HWD
5511,53815.0,LAX,ANH
5512,53886.0,LAX,ANH
5513,53901.0,LAX,LGB
5514,53978.0,LAX,ANH
5515,54094.0,LAX,ANH
5516,54116.0,LAX,HWD
5517,54132.0,LAX,HWD
5518,54140.0,LAX,ANH
5519,54149.0,LAX,LGB
5520,54158.0,LAX,LGB
5521,54160.0,LAX,LGB
5522,54164.0,LAX,DTLA
5523,54164.0,LAX,LGB
5524,54169.0,LAX,HWD
5525,54170.0,LAX,DTLA
5526,54179.0,LAX,ANH
5527,54199.0,LAX,DTLA
5528,54200.0,LAX,ANH
5529,54242.0,LAX,HWD
5530,54243.0,LAX,DTLA
5531,54247.0,LAX,HWD
5532,54269.0,LAX,HWD
5533,54283.0,LAX,LGB
5534,54297.0,LAX,ANH
5535,54304.0,LAX,ANH
5536,54316.0,LAX,DTLA
5537,54331.0,LAX,LGB
5538,54352.0,LAX,DTLA
5539,54358.0,LAX,ANH
5540,54365.0,LAX,DTLA
5541,54365.0,LAX,ANH
5542,54369.0,LAX,ANH
5543,54381.0,LAX,DTLA
5544,54386.0,LAX,ANH
5545,54395.0,LAX,LGB
5546,54400.0,LAX,HWD
5547,54405.0,LAX,ANH
5548,54416.0,LAX,DTLA
5549,54449.0,LAX,LGB
5550,54461.0,LAX,DTLA
5551,54474.0,LAX,LGB
5552,54513.0,LAX,HWD
5553,54525.0,LAX,LGB
5554,54584.0,LAX,DTLA
5555,54636.0,LAX,HWD
5556,54645.0,LAX,DTLA
5557,54682.0,LAX,HWD
5558,54715.0,LAX,DTLA
5559,54724.0,LAX,ANH
5560,54735.0,LAX,HWD
5561,54746.0,LAX,ANH
5562,54754.0,LAX,ANH
5563,54754.0,LAX,DTLA
5564,54851.0,LAX,ANH
5565,54857.0,LAX,LGB
5566,54888.0,LAX,ANH
5567,54902.0,LAX,DTLA
5568,54910.0,LAX,ANH
5569,54926.0,LAX,DTLA
5570,55011.0,LAX,HWD
5571,55018.0,LAX,DTLA
5572,55046.0,LAX,DTLA
5573,55049.0,LAX,DTLA
5574,55054.0,LAX,DTLA
5575,55056.0,LAX,DTLA
5576,55057.0,LAX,HWD
5577,55057.0,LAX,ANH
5578,55076.0,LAX,DTLA
5579,55078.0,LAX,DTLA
5580,55091.0,LAX,HWD
5581,55094.0,LAX,DTLA
5582,55095.0,LAX,HWD
5583,55109.0,LAX,DTLA
5584,55111.0,LAX,DTLA
5585,55113.0,LAX,ANH
5586,55115.0,LAX,ANH
5587,55136.0,LAX,DTLA
5588,55141.0,LAX,HWD
5589,55143.0,LAX,ANH
5590,55151.0,LAX,HWD
5591,55152.0,LAX,DTLA
5592,55167.0,LAX,DTLA
5593,55198.0,LAX,HWD
5594,55234.0,LAX,HWD
5595,55258.0,LAX,HWD
5596,55311.0,LAX,HWD
5597,55370.0,LAX,DTLA
5598,55379.0,LAX,DTLA
5599,55379.0,LAX,ANH
5600,55393.0,LAX,ANH
5601,55401.0,LAX,HWD
5602,55439.0,LAX,DTLA
5603,55623.0,LAX,LGB
5604,55638.0,LAX,LGB
5605,55674.0,LAX,DTLA
5606,55757.0,LAX,ANH
5607,55785.0,LAX,ANH
5608,55830.0,LAX,DTLA
5609,55832.0,LAX,ANH
5610,55899.0,LAX,ANH
5611,55930.0,LAX,HWD
5612,55950.0,LAX,DTLA
5613,55957.0,LAX,DTLA
5614,55998.0,LAX,DTLA
5615,56001.0,LAX,ANH
5616,56009.0,LAX,LGB
5617,56010.0,LAX,ANH
5618,56016.0,LAX,DTLA
5619,56032.0,LAX,DTLA
5620,56055.0,LAX,LGB
5621,56070.0,LAX,ANH
5622,56109.0,LAX,HWD
5623,56112.0,LAX,ANH
5624,56116.0,LAX,ANH
5625,56131.0,LAX,HWD
5626,56164.0,LAX,ANH
5627,56177.0,LAX,LGB
5628,56209.0,LAX,ANH
5629,56213.0,LAX,LGB
5630,56273.0,LAX,ANH
5631,56282.0,LAX,HWD
5632,56283.0,LAX,HWD
5633,56285.0,LAX,ANH
5634,56287.0,LAX,ANH
5635,56356.0,LAX,HWD
5636,56453.0,LAX,DTLA
5637,56485.0,LAX,DTLA
5638,56511.0,LAX,HWD
5639,56520.0,LAX,HWD
5640,56521.0,LAX,ANH
5641,56525.0,LAX,DTLA
5642,56526.0,LAX,ANH
5643,56527.0,LAX,LGB
5644,56536.0,LAX,DTLA
5645,56594.0,LAX,DTLA
5646,56599.0,LAX,ANH
5647,56601.0,LAX,ANH
5648,56622.0,LAX,ANH
5649,56624.0,LAX,HWD
5650,56629.0,LAX,ANH
5651,56637.0,LAX,ANH
5652,56679.0,LAX,LGB
5653,56692.0,LAX,ANH
5654,56692.0,LAX,ANH
5655,56700.0,LAX,ANH
5656,56700.0,LAX,HWD
5657,56726.0,LAX,HWD
5658,56736.0,LAX,DTLA
5659,56745.0,LAX,LGB
5660,56745.0,LAX,DTLA
5661,56750.0,LAX,DTLA
5662,56778.0,LAX,ANH
5663,56785.0,LAX,LGB
5664,56795.0,LAX,DTLA
5665,56808.0,LAX,ANH
5666,56821.0,LAX,LGB
5667,56827.0,LAX,HWD
5668,56845.0,LAX,ANH
5669,56880.0,LAX,DTLA
5670,56889.0,LAX,HWD
5671,56896.0,LAX,LGB
5672,56941.0,LAX,LGB
5673,56944.0,LAX,DTLA
5674,56999.0,LAX,LGB
5675,57001.0,LAX,ANH
5676,57019.0,LAX,HWD
5677,57155.0,LAX,DTLA
5678,57186.0,LAX,HWD
5679,57214.0,LAX,DTLA
5680,57217.0,LAX,DTLA
5681,57220.0,LAX,DTLA
5682,57227.0,LAX,HWD
5683,57244.0,LAX,LGB
5684,57259.0,LAX,LGB
5685,57269.0,LAX,ANH
5686,57279.0,LAX,ANH
5687,57294.0,LAX,ANH
5688,57295.0,LAX,ANH
5689,57298.0,LAX,LGB
5690,57316.0,LAX,HWD
5691,57321.0,LAX,HWD
5692,57327.0,LAX,HWD
5693,57337.0,LAX,DTLA
5694,57340.0,LAX,HWD
5695,57342.0,LAX,DTLA
5696,57343.0,LAX,DTLA
5697,57351.0,LAX,LGB
5698,57361.0,LAX,DTLA
5699,57369.0,LAX,HWD
5700,57375.0,LAX,LGB
5701,57378.0,LAX,HWD
5702,57385.0,LAX,ANH
5703,57392.0,LAX,DTLA
5704,57395.0,LAX,HWD
5705,57403.0,LAX,ANH
5706,57404.0,LAX,DTLA
5707,57426.0,LAX,DTLA
5708,57431.0,LAX,HWD
5709,57434.0,LAX,DTLA
5710,57440.0,LAX,HWD
5711,57442.0,LAX,HWD
5712,57463.0,LAX,HWD
5713,57465.0,LAX,ANH
5714,57492.0,LAX,HWD
5715,57519.0,LAX,ANH
5716,57534.0,LAX,HWD
5717,57540.0,LAX,DTLA
5718,57552.0,LAX,DTLA
5719,57570.0,LAX,HWD
5720,57577.0,LAX,LGB
5721,57630.0,LAX,LGB
5722,57641.0,LAX,DTLA
5723,57645.0,LAX,HWD
5724,57645.0,LAX,LGB
5725,57663.0,LAX,ANH
5726,57686.0,LAX,LGB
5727,57761.0,LAX,HWD
5728,57796.0,LAX,HWD
5729,57874.0,LAX,LGB
5730,57960.0,LAX,ANH
5731,58167.0,LAX,DTLA
5732,58176.0,LAX,DTLA
5733,58181.0,LAX,ANH
5734,58197.0,LAX,HWD
5735,58269.0,LAX,DTLA
5736,58345.0,LAX,DTLA
5737,58345.0,LAX,DTLA
5738,58347.0,LAX,ANH
5739,58357.0,LAX,HWD
5740,58358.0,LAX,DTLA
5741,58377.0,LAX,LGB
5742,58384.0,LAX,HWD
5743,58409.0,LAX,HWD
5744,58420.0,LAX,ANH
5745,58427.0,LAX,DTLA
5746,58442.0,LAX,DTLA
5747,58468.0,LAX,DTLA
5748,58535.0,LAX,HWD
5749,58543.0,LAX,ANH
5750,58579.0,LAX,ANH
5751,58837.0,LAX,DTLA
5752,58883.0,LAX,ANH
5753,58941.0,LAX,DTLA
5754,58944.0,LAX,ANH
5755,58960.0,LAX,LGB
5756,58977.0,LAX,ANH
5757,58996.0,LAX,ANH
5758,59001.0,LAX,DTLA
5759,59011.0,LAX,HWD
5760,59014.0,LAX,LGB
5761,59035.0,LAX,ANH
5762,59036.0,LAX,DTLA
5763,59038.0,LAX,HWD
5764,59038.0,LAX,DTLA
5765,59043.0,LAX,ANH
5766,59045.0,LAX,DTLA
5767,59056.0,LAX,HWD
5768,59064.0,LAX,HWD
5769,59093.0,LAX,ANH
5770,59098.0,LAX,LGB
5771,59101.0,LAX,HWD
5772,59120.0,LAX,DTLA
5773,59125.0,LAX,LGB
5774,59137.0,LAX,LGB
5775,59149.0,LAX,DTLA
5776,59162.0,LAX,HWD
5777,59167.0,LAX,ANH
5778,59183.0,LAX,DTLA
5779,59193.0,LAX,HWD
5780,59208.0,LAX,HWD
5781,59216.0,LAX,ANH
5782,59226.0,LAX,DTLA
5783,59269.0,LAX,HWD
5784,59289.0,LAX,HWD
5785,59348.0,LAX,HWD
5786,59361.0,LAX,DTLA
5787,59363.0,LAX,ANH
5788,59391.0,LAX,ANH
5789,59408.0,LAX,DTLA
5790,59417.0,LAX,DTLA
5791,59419.0,LAX,HWD
5792,59420.0,LAX,HWD
5793,59445.0,LAX,LGB
5794,59445.0,LAX,LGB
5795,59451.0,LAX,HWD
5796,59462.0,LAX,DTLA
5797,59478.0,LAX,LGB
5798,59479.0,LAX,ANH
5799,59482.0,LAX,LGB
5800,59495.0,LAX,LGB
5801,59504.0,LAX,DTLA
5802,59523.0,LAX,DTLA
5803,59532.0,LAX,LGB
5804,59546.0,LAX,DTLA
5805,59548.0,LAX,DTLA
5806,59553.0,LAX,HWD
5807,59576.0,LAX,DTLA
5808,59578.0,LAX,LGB
5809,59582.0,LAX,DTLA
5810,59586.0,LAX,ANH
5811,59588.0,LAX,ANH
5812,59606.0,LAX,DTLA
5813,59626.0,LAX,LGB
5814,59646.0,LAX,HWD
5815,59649.0,LAX,ANH
5816,59656.0,LAX,ANH
5817,59681.0,LAX,ANH
5818,59682.0,LAX,HWD
5819,59684.0,LAX,LGB
5820,59685.0,LAX,DTLA
5821,59707.0,LAX,HWD
5822,59709.0,LAX,DTLA
5823,59724.0,LAX,LGB
5824,59727.0,LAX,HWD
5825,59735.0,LAX,DTLA
5826,59742.0,LAX,DTLA
5827,59743.0,LAX,ANH
5828,59758.0,LAX,LGB
5829,59770.0,LAX,ANH
5830,59811.0,LAX,ANH
5831,59870.0,LAX,ANH
5832,59891.0,LAX,HWD
5833,59985.0,LAX,HWD
5834,59998.0,LAX,LGB
5835,60002.0,LAX,ANH
5836,60005.0,LAX,DTLA
5837,60013.0,LAX,ANH
5838,60032.0,LAX,HWD
5839,60047.0,LAX,DTLA
5840,60054.0,LAX,ANH
5841,60081.0,LAX,LGB
5842,60083.0,LAX,LGB
5843,60087.0,LAX,LGB
5844,60087.0,LAX,HWD
5845,60094.0,LAX,LGB
5846,60108.0,LAX,ANH
5847,60125.0,LAX,ANH
5848,60200.0,LAX,ANH
5849,60203.0,LAX,HWD
5850,60206.0,LAX,LGB
5851,60219.0,LAX,LGB
5852,60231.0,LAX,ANH
5853,60232.0,LAX,ANH
5854,60351.0,LAX,HWD
5855,60357.0,LAX,LGB
5856,60387.0,LAX,HWD
5857,60393.0,LAX,LGB
5858,60416.0,LAX,ANH
5859,60419.0,LAX,ANH
5860,60420.0,LAX,HWD
5861,60423.0,LAX,DTLA
5862,60431.0,LAX,ANH
5863,60443.0,LAX,ANH
5864,60484.0,LAX,DTLA
5865,60509.0,LAX,DTLA
5866,60557.0,LAX,HWD
5867,60558.0,LAX,DTLA
5868,60573.0,LAX,HWD
5869,60579.0,LAX,ANH
5870,60579.0,LAX,DTLA
5871,60610.0,LAX,DTLA
5872,60623.0,LAX,DTLA
5873,60623.0,LAX,DTLA
5874,60624.0,LAX,HWD
5875,60631.0,LAX,DTLA
5876,60636.0,LAX,DTLA
5877,60651.0,LAX,LGB
5878,60657.0,LAX,ANH
5879,60666.0,LAX,ANH
5880,60667.0,LAX,DTLA
5881,60677.0,LAX,LGB
5882,60689.0,LAX,DTLA
5883,60699.0,LAX,LGB
5884,60718.0,LAX,DTLA
5885,60753.0,LAX,LGB
5886,60753.0,LAX,ANH
5887,60758.0,LAX,ANH
5888,60765.0,LAX,DTLA
5889,60816.0,LAX,DTLA
5890,60846.0,LAX,HWD
5891,60857.0,LAX,ANH
5892,60872.0,LAX,HWD
5893,60931.0,LAX,LGB
5894,60942.0,LAX,DTLA
5895,60959.0,LAX,LGB
5896,60965.0,LAX,DTLA
5897,60987.0,LAX,HWD
5898,61015.0,LAX,HWD
5899,61028.0,LAX,DTLA
5900,61058.0,LAX,LGB
5901,61058.0,LAX,HWD
5902,61075.0,LAX,HWD
5903,61096.0,LAX,ANH
5904,61103.0,LAX,DTLA
5905,61124.0,LAX,ANH
5906,61133.0,LAX,ANH
5907,61161.0,LAX,HWD
5908,61163.0,LAX,ANH
5909,61166.0,LAX,HWD
5910,61167.0,LAX,ANH
5911,61204.0,LAX,ANH
5912,61207.0,LAX,LGB
5913,61248.0,LAX,DTLA
5914,61261.0,LAX,LGB
5915,61341.0,LAX,HWD
5916,61347.0,LAX,ANH
5917,61364.0,LAX,DTLA
5918,61370.0,LAX,HWD
5919,61401.0,LAX,ANH
5920,61410.0,LAX,ANH
5921,61429.0,LAX,DTLA
5922,61451.0,LAX,ANH
5923,61487.0,LAX,ANH
5924,61492.0,LAX,ANH
5925,61523.0,LAX,DTLA
5926,61534.0,LAX,DTLA
5927,61548.0,LAX,HWD
5928,61557.0,LAX,ANH
5929,61559.0,LAX,ANH
5930,61570.0,LAX,DTLA
5931,61586.0,LAX,LGB
5932,61608.0,LAX,ANH
5933,61621.0,LAX,HWD
5934,61638.0,LAX,HWD
5935,61645.0,LAX,ANH
5936,61656.0,LAX,HWD
5937,61664.0,LAX,LGB
5938,61671.0,LAX,ANH
5939,61681.0,LAX,HWD
5940,61684.0,LAX,ANH
5941,61689.0,LAX,HWD
5942,61690.0,LAX,HWD
5943,61704.0,LAX,ANH
5944,61710.0,LAX,DTLA
5945,61717.0,LAX,HWD
5946,61718.0,LAX,DTLA
5947,61749.0,LAX,ANH
5948,61756.0,LAX,ANH
5949,61761.0,LAX,ANH
5950,61806.0,LAX,DTLA
5951,61808.0,LAX,HWD
5952,61817.0,LAX,LGB
5953,61829.0,LAX,LGB
5954,61830.0,LAX,LGB
5955,61831.0,LAX,HWD
5956,61842.0,LAX,ANH
5957,61862.0,LAX,ANH
5958,61865.0,LAX,HWD
5959,61905.0,LAX,HWD
5960,61917.0,LAX,HWD
5961,61924.0,LAX,HWD
5962,61938.0,LAX,DTLA
5963,61944.0,LAX,ANH
5964,61968.0,LAX,DTLA
5965,61968.0,LAX,LGB
5966,61988.0,LAX,ANH
5967,62001.0,LAX,LGB
5968,62008.0,LAX,DTLA
5969,62026.0,LAX,ANH
5970,62030.0,LAX,ANH
5971,62058.0,LAX,ANH
5972,62062.0,LAX,DTLA
5973,62074.0,LAX,LGB
5974,62077.0,LAX,ANH
5975,62077.0,LAX,DTLA
5976,62095.0,LAX,ANH
5977,62107.0,LAX,ANH
5978,62112.0,LAX,ANH
5979,62128.0,LAX,HWD
5980,62128.0,LAX,LGB
5981,62128.0,LAX,LGB
5982,62131.0,LAX,ANH
5983,62184.0,LAX,ANH
5984,62194.0,LAX,DTLA
5985,62220.0,LAX,HWD
5986,62224.0,LAX,DTLA
5987,62228.0,LAX,LGB
5988,62235.0,LAX,LGB
5989,62242.0,LAX,HWD
5990,62243.0,LAX,HWD
5991,62249.0,LAX,DTLA
5992,62255.0,LAX,DTLA
5993,62260.0,LAX,HWD
5994,62263.0,LAX,DTLA
5995,62265.0,LAX,HWD
5996,62272.0,LAX,DTLA
5997,62275.0,LAX,ANH
5998,62278.0,LAX,ANH
5999,62284.0,LAX,ANH
6000,62299.0,LAX,HWD
6001,62319.0,LAX,HWD
6002,62320.0,LAX,DTLA
6003,62321.0,LAX,HWD
6004,62324.0,LAX,DTLA
6005,62336.0,LAX,HWD
6006,62349.0,LAX,LGB
6007,62355.0,LAX,HWD
6008,62368.0,LAX,DTLA
6009,62380.0,LAX,DTLA
6010,62381.0,LAX,DTLA
6011,62383.0,LAX,DTLA
6012,62405.0,LAX,DTLA
6013,62411.0,LAX,DTLA
6014,62426.0,LAX,HWD
6015,62433.0,LAX,DTLA
6016,62451.0,LAX,ANH
6017,62461.0,LAX,DTLA
6018,62524.0,LAX,LGB
6019,62540.0,LAX,HWD
6020,62617.0,LAX,DTLA
6021,62651.0,LAX,HWD
6022,62678.0,LAX,ANH
6023,62678.0,LAX,DTLA
6024,62725.0,LAX,ANH
6025,62738.0,LAX,ANH
6026,62761.0,LAX,DTLA
6027,62777.0,LAX,HWD
6028,62795.0,LAX,DTLA
6029,62812.0,LAX,ANH
6030,62817.0,LAX,ANH
6031,62828.0,LAX,LGB
6032,62832.0,LAX,HWD
6033,62875.0,LAX,LGB
6034,62913.0,LAX,ANH
6035,62930.0,LAX,DTLA
6036,62952.0,LAX,HWD
6037,62967.0,LAX,ANH
6038,62972.0,LAX,HWD
6039,62998.0,LAX,DTLA
6040,63012.0,LAX,HWD
6041,63029.0,LAX,HWD
6042,63036.0,LAX,DTLA
6043,63039.0,LAX,ANH
6044,63042.0,LAX,LGB
6045,63043.0,LAX,LGB
6046,63053.0,LAX,LGB
6047,63073.0,LAX,DTLA
6048,63091.0,LAX,DTLA
6049,63094.0,LAX,HWD
6050,63099.0,LAX,LGB
6051,63114.0,LAX,DTLA
6052,63144.0,LAX,DTLA
6053,63168.0,LAX,LGB
6054,63169.0,LAX,LGB
6055,63172.0,LAX,ANH
6056,63182.0,LAX,HWD
6057,63184.0,LAX,ANH
6058,63189.0,LAX,HWD
6059,63197.0,LAX,DTLA
6060,63217.0,LAX,LGB
6061,63241.0,LAX,LGB
6062,63250.0,LAX,ANH
6063,63269.0,LAX,DTLA
6064,63280.0,LAX,DTLA
6065,63366.0,LAX,HWD
6066,63377.0,LAX,LGB
6067,63430.0,LAX,HWD
6068,63445.0,LAX,ANH
6069,63486.0,LAX,ANH
6070,63491.0,LAX,DTLA
6071,63510.0,LAX,LGB
6072,63510.0,LAX,HWD
6073,63554.0,LAX,DTLA
6074,63557.0,LAX,DTLA
6075,63563.0,LAX,HWD
6076,63572.0,LAX,LGB
6077,63573.0,LAX,DTLA
6078,63594.0,LAX,DTLA
6079,63608.0,LAX,HWD
6080,63614.0,LAX,ANH
6081,63622.0,LAX,DTLA
6082,63644.0,LAX,DTLA
6083,63645.0,LAX,ANH
6084,63657.0,LAX,DTLA
6085,63659.0,LAX,LGB
6086,63661.0,LAX,DTLA
6087,63662.0,LAX,ANH
6088,63676.0,LAX,ANH
6089,63676.0,LAX,ANH
6090,63680.0,LAX,ANH
6091,63724.0,LAX,DTLA
6092,63733.0,LAX,HWD
6093,63737.0,LAX,ANH
6094,63772.0,LAX,ANH
6095,63778.0,LAX,DTLA
6096,63793.0,LAX,LGB
6097,63861.0,LAX,ANH
6098,63887.0,LAX,HWD
6099,63899.0,LAX,HWD
6100,63902.0,LAX,DTLA
6101,63920.0,LAX,LGB
6102,63930.0,LAX,DTLA
6103,64002.0,LAX,HWD
6104,64005.0,LAX,DTLA
6105,64006.0,LAX,ANH
6106,64013.0,LAX,ANH
6107,64014.0,LAX,DTLA
6108,64050.0,LAX,HWD
6109,64053.0,LAX,DTLA
6110,64069.0,LAX,DTLA
6111,64082.0,LAX,HWD
6112,64092.0,LAX,HWD
6113,64093.0,LAX,ANH
6114,64094.0,LAX,DTLA
6115,64101.0,LAX,LGB
6116,64110.0,LAX,DTLA
6117,64116.0,LAX,ANH
6118,64116.0,LAX,ANH
6119,64125.0,LAX,DTLA
6120,64131.0,LAX,DTLA
6121,64138.0,LAX,HWD
6122,64139.0,LAX,HWD
6123,64166.0,LAX,DTLA
6124,64168.0,LAX,ANH
6125,64178.0,LAX,ANH
6126,64190.0,LAX,DTLA
6127,64197.0,LAX,LGB
6128,64204.0,LAX,LGB
6129,64208.0,LAX,ANH
6130,64216.0,LAX,ANH
6131,64226.0,LAX,ANH
6132,64244.0,LAX,HWD
6133,64246.0,LAX,ANH
6134,64252.0,LAX,DTLA
6135,64259.0,LAX,LGB
6136,64259.0,LAX,ANH
6137,64265.0,LAX,LGB
6138,64282.0,LAX,HWD
6139,64314.0,LAX,HWD
6140,64330.0,LAX,ANH
6141,64335.0,LAX,DTLA
6142,64344.0,LAX,DTLA
6143,64352.0,LAX,ANH
6144,64356.0,LAX,LGB
6145,64366.0,LAX,ANH
6146,64366.0,LAX,DTLA
6147,64391.0,LAX,LGB
6148,64407.0,LAX,ANH
6149,64455.0,LAX,ANH
6150,64464.0,LAX,HWD
6151,64469.0,LAX,HWD
6152,64477.0,LAX,ANH
6153,64486.0,LAX,HWD
6154,64512.0,LAX,ANH
6155,64515.0,LAX,LGB
6156,64553.0,LAX,DTLA
6157,64619.0,LAX,DTLA
6158,64624.0,LAX,LGB
6159,64662.0,LAX,DTLA
6160,64667.0,LAX,DTLA
6161,64692.0,LAX,ANH
6162,64789.0,LAX,DTLA
6163,64797.0,LAX,ANH
6164,64808.0,LAX,HWD
6165,64808.0,LAX,DTLA
6166,64814.0,LAX,DTLA
6167,64821.0,LAX,DTLA
6168,64828.0,LAX,HWD
6169,64837.0,LAX,LGB
6170,64842.0,LAX,ANH
6171,64876.0,LAX,LGB
6172,64877.0,LAX,HWD
6173,64886.0,LAX,ANH
6174,64907.0,LAX,DTLA
6175,64915.0,LAX,DTLA
6176,64935.0,LAX,HWD
6177,64939.0,LAX,ANH
6178,64947.0,LAX,DTLA
6179,64974.0,LAX,ANH
6180,64989.0,LAX,DTLA
6181,64991.0,LAX,HWD
6182,65001.0,LAX,ANH
6183,65003.0,LAX,LGB
6184,65014.0,LAX,ANH
6185,65017.0,LAX,DTLA
6186,65060.0,LAX,DTLA
6187,65065.0,LAX,ANH
6188,65065.0,LAX,LGB
6189,65075.0,LAX,LGB
6190,65143.0,LAX,HWD
6191,65186.0,LAX,HWD
6192,65251.0,LAX,LGB
6193,65276.0,LAX,ANH
6194,65287.0,LAX,ANH
6195,65295.0,LAX,HWD
6196,65337.0,LAX,ANH
6197,65406.0,LAX,DTLA
6198,65620.0,LAX,HWD
6199,65625.0,LAX,HWD
6200,65644.0,LAX,ANH
6201,65691.0,LAX,ANH
6202,65696.0,LAX,HWD
6203,65719.0,LAX,HWD
6204,65745.0,LAX,ANH
6205,65832.0,LAX,DTLA
6206,65875.0,LAX,LGB
6207,65882.0,LAX,ANH
6208,65888.0,LAX,ANH
6209,65924.0,LAX,LGB
6210,65942.0,LAX,HWD
6211,65949.0,LAX,DTLA
6212,65950.0,LAX,ANH
6213,65973.0,LAX,LGB
6214,65976.0,LAX,LGB
6215,65980.0,LAX,ANH
6216,65988.0,LAX,DTLA
6217,66010.0,LAX,ANH
6218,66019.0,LAX,DTLA
6219,66024.0,LAX,LGB
6220,66029.0,LAX,ANH
6221,66033.0,LAX,HWD
6222,66042.0,LAX,DTLA
6223,66080.0,LAX,ANH
6224,66096.0,LAX,ANH
6225,66131.0,LAX,HWD
6226,66133.0,LAX,HWD
6227,66135.0,LAX,LGB
6228,66145.0,LAX,ANH
6229,66145.0,LAX,LGB
6230,66155.0,LAX,DTLA
6231,66157.0,LAX,HWD
6232,66176.0,LAX,ANH
6233,66181.0,LAX,DTLA
6234,66183.0,LAX,HWD
6235,66199.0,LAX,ANH
6236,66218.0,LAX,LGB
6237,66245.0,LAX,HWD
6238,66248.0,LAX,DTLA
6239,66248.0,LAX,DTLA
6240,66272.0,LAX,DTLA
6241,66280.0,LAX,DTLA
6242,66284.0,LAX,DTLA
6243,66329.0,LAX,ANH
6244,66343.0,LAX,HWD
6245,66350.0,LAX,ANH
6246,66353.0,LAX,HWD
6247,66355.0,LAX,LGB
6248,66367.0,LAX,DTLA
6249,66367.0,LAX,ANH
6250,66373.0,LAX,ANH
6251,66392.0,LAX,HWD
6252,66398.0,LAX,DTLA
6253,66410.0,LAX,HWD
6254,66443.0,LAX,ANH
6255,66462.0,LAX,DTLA
6256,66467.0,LAX,HWD
6257,66485.0,LAX,DTLA
6258,66496.0,LAX,DTLA
6259,66506.0,LAX,DTLA
6260,66524.0,LAX,LGB
6261,66548.0,LAX,HWD
6262,66554.0,LAX,ANH
6263,66557.0,LAX,ANH
6264,66564.0,LAX,DTLA
6265,66577.0,LAX,DTLA
6266,66582.0,LAX,HWD
6267,66598.0,LAX,ANH
6268,66613.0,LAX,DTLA
6269,66614.0,LAX,LGB
6270,66629.0,LAX,DTLA
6271,66642.0,LAX,ANH
6272,66669.0,LAX,LGB
6273,66675.0,LAX,ANH
6274,66678.0,LAX,ANH
6275,66678.0,LAX,ANH
6276,66699.0,LAX,HWD
6277,66721.0,LAX,ANH
6278,66726.0,LAX,HWD
6279,66729.0,LAX,DTLA
6280,66734.0,LAX,ANH
6281,66783.0,LAX,ANH
6282,66821.0,LAX,ANH
6283,66828.0,LAX,HWD
6284,66843.0,LAX,HWD
6285,66876.0,LAX,LGB
6286,66878.0,LAX,HWD
6287,66906.0,LAX,HWD
6288,66936.0,LAX,ANH
6289,66948.0,LAX,ANH
6290,66949.0,LAX,HWD
6291,66964.0,LAX,DTLA
6292,66982.0,LAX,HWD
6293,66994.0,LAX,HWD
6294,67020.0,LAX,DTLA
6295,67040.0,LAX,ANH
6296,67043.0,LAX,HWD
6297,67044.0,LAX,LGB
6298,67057.0,LAX,LGB
6299,67072.0,LAX,ANH
6300,67085.0,LAX,DTLA
6301,67097.0,LAX,HWD
6302,67097.0,LAX,LGB
6303,67127.0,LAX,ANH
6304,67142.0,LAX,LGB
6305,67143.0,LAX,LGB
6306,67164.0,LAX,ANH
6307,67165.0,LAX,DTLA
6308,67175.0,LAX,HWD
6309,67190.0,LAX,LGB
6310,67196.0,LAX,DTLA
6311,67259.0,LAX,DTLA
6312,67271.0,LAX,ANH
6313,67303.0,LAX,ANH
6314,67306.0,LAX,DTLA
6315,67328.0,LAX,DTLA
6316,67329.0,LAX,DTLA
6317,67330.0,LAX,ANH
6318,67343.0,LAX,HWD
6319,67345.0,LAX,DTLA
6320,67348.0,LAX,HWD
6321,67369.0,LAX,HWD
6322,67371.0,LAX,HWD
6323,67373.0,LAX,ANH
6324,67391.0,LAX,HWD
6325,67402.0,LAX,DTLA
6326,67408.0,LAX,DTLA
6327,67432.0,LAX,DTLA
6328,67443.0,LAX,ANH
6329,67462.0,LAX,DTLA
6330,67462.0,LAX,HWD
6331,67464.0,LAX,HWD
6332,67498.0,LAX,ANH
6333,67567.0,LAX,HWD
6334,67567.0,LAX,LGB
6335,67596.0,LAX,DTLA
6336,67599.0,LAX,ANH
6337,67609.0,LAX,DTLA
6338,67615.0,LAX,LGB
6339,67629.0,LAX,DTLA
6340,67636.0,LAX,HWD
6341,67657.0,LAX,DTLA
6342,67684.0,LAX,ANH
6343,67685.0,LAX,DTLA
6344,67695.0,LAX,LGB
6345,67703.0,LAX,LGB
6346,67705.0,LAX,HWD
6347,67724.0,LAX,DTLA
6348,67729.0,LAX,DTLA
6349,67738.0,LAX,ANH
6350,67744.0,LAX,ANH
6351,67772.0,LAX,ANH
6352,67782.0,LAX,LGB
6353,67785.0,LAX,DTLA
6354,67798.0,LAX,DTLA
6355,67805.0,LAX,HWD
6356,67810.0,LAX,ANH
6357,67823.0,LAX,HWD
6358,67831.0,LAX,LGB
6359,67832.0,LAX,DTLA
6360,67834.0,LAX,HWD
6361,67846.0,LAX,HWD
6362,67850.0,LAX,ANH
6363,67872.0,LAX,DTLA
6364,67873.0,LAX,ANH
6365,67911.0,LAX,ANH
6366,67914.0,LAX,HWD
6367,67940.0,LAX,DTLA
6368,67971.0,LAX,DTLA
6369,67973.0,LAX,ANH
6370,67974.0,LAX,DTLA
6371,67991.0,LAX,LGB
6372,68005.0,LAX,LGB
6373,68008.0,LAX,LGB
6374,68020.0,LAX,HWD
6375,68033.0,LAX,HWD
6376,68033.0,LAX,HWD
6377,68034.0,LAX,LGB
6378,68041.0,LAX,HWD
6379,68046.0,LAX,ANH
6380,68056.0,LAX,HWD
6381,68097.0,LAX,ANH
6382,68098.0,LAX,LGB
6383,68101.0,LAX,HWD
6384,68103.0,LAX,LGB
6385,68103.0,LAX,DTLA
6386,68127.0,LAX,DTLA
6387,68163.0,LAX,ANH
6388,68165.0,LAX,LGB
6389,68195.0,LAX,LGB
6390,68196.0,LAX,DTLA
6391,68202.0,LAX,DTLA
6392,68215.0,LAX,DTLA
6393,68237.0,LAX,DTLA
6394,68251.0,LAX,LGB
6395,68259.0,LAX,HWD
6396,68269.0,LAX,DTLA
6397,68280.0,LAX,ANH
6398,68313.0,LAX,ANH
6399,68319.0,LAX,HWD
6400,68322.0,LAX,HWD
6401,68346.0,LAX,DTLA
6402,68347.0,LAX,LGB
6403,68357.0,LAX,HWD
6404,68359.0,LAX,ANH
6405,68360.0,LAX,LGB
6406,68365.0,LAX,HWD
6407,68371.0,LAX,ANH
6408,68386.0,LAX,DTLA
6409,68387.0,LAX,ANH
6410,68400.0,LAX,HWD
6411,68407.0,LAX,ANH
6412,68408.0,LAX,HWD
6413,68411.0,LAX,DTLA
6414,68411.0,LAX,LGB
6415,68420.0,LAX,DTLA
6416,68426.0,LAX,LGB
6417,68427.0,LAX,ANH
6418,68440.0,LAX,DTLA
6419,68449.0,LAX,DTLA
6420,68462.0,LAX,DTLA
6421,68462.0,LAX,DTLA
6422,68464.0,LAX,LGB
6423,68473.0,LAX,HWD
6424,68479.0,LAX,ANH
6425,68486.0,LAX,DTLA
6426,68513.0,LAX,HWD
6427,68533.0,LAX,DTLA
6428,68535.0,LAX,ANH
6429,68551.0,LAX,LGB
6430,68559.0,LAX,HWD
6431,68568.0,LAX,LGB
6432,68578.0,LAX,ANH
6433,68587.0,LAX,DTLA
6434,68589.0,LAX,HWD
6435,68598.0,LAX,ANH
6436,68618.0,LAX,HWD
6437,68624.0,LAX,DTLA
6438,68664.0,LAX,LGB
6439,68667.0,LAX,HWD
6440,68687.0,LAX,ANH
6441,68694.0,LAX,DTLA
6442,68715.0,LAX,ANH
6443,68718.0,LAX,LGB
6444,68724.0,LAX,HWD
6445,68743.0,LAX,ANH
6446,68749.0,LAX,HWD
6447,68781.0,LAX,HWD
6448,68844.0,LAX,DTLA
6449,68866.0,LAX,ANH
6450,68877.0,LAX,HWD
6451,68903.0,LAX,DTLA
6452,68907.0,LAX,DTLA
6453,68908.0,LAX,DTLA
6454,68914.0,LAX,ANH
6455,68941.0,LAX,ANH
6456,68941.0,LAX,HWD
6457,68957.0,LAX,DTLA
6458,68963.0,LAX,DTLA
6459,68991.0,LAX,DTLA
6460,69106.0,LAX,ANH
6461,69109.0,LAX,DTLA
6462,69130.0,LAX,HWD
6463,69152.0,LAX,LGB
6464,69165.0,LAX,DTLA
6465,69183.0,LAX,DTLA
6466,69184.0,LAX,DTLA
6467,69196.0,LAX,HWD
6468,69202.0,LAX,HWD
6469,69211.0,LAX,LGB
6470,69212.0,LAX,HWD
6471,69220.0,LAX,DTLA
6472,69257.0,LAX,ANH
6473,69259.0,LAX,HWD
6474,69262.0,LAX,ANH
6475,69269.0,LAX,ANH
6476,69282.0,LAX,HWD
6477,69314.0,LAX,DTLA
6478,69329.0,LAX,ANH
6479,69335.0,LAX,DTLA
6480,69374.0,LAX,ANH
6481,69380.0,LAX,HWD
6482,69381.0,LAX,ANH
6483,69386.0,LAX,ANH
6484,69386.0,LAX,LGB
6485,69389.0,LAX,HWD
6486,69394.0,LAX,ANH
6487,69401.0,LAX,DTLA
6488,69405.0,LAX,ANH
6489,69437.0,LAX,DTLA
6490,69445.0,LAX,DTLA
6491,69453.0,LAX,DTLA
6492,69458.0,LAX,HWD
6493,69459.0,LAX,ANH
6494,69467.0,LAX,DTLA
6495,69476.0,LAX,HWD
6496,69478.0,LAX,DTLA
6497,69493.0,LAX,HWD
6498,69505.0,LAX,HWD
6499,69530.0,LAX,ANH
6500,69537.0,LAX,ANH
6501,69547.0,LAX,ANH
6502,69547.0,LAX,DTLA
6503,69550.0,LAX,ANH
6504,69561.0,LAX,DTLA
6505,69562.0,LAX,DTLA
6506,69569.0,LAX,ANH
6507,69643.0,LAX,DTLA
6508,69666.0,LAX,LGB
6509,69672.0,LAX,ANH
6510,69680.0,LAX,LGB
6511,69692.0,LAX,ANH
6512,69697.0,LAX,HWD
6513,69706.0,LAX,ANH
6514,69718.0,LAX,DTLA
6515,69749.0,LAX,HWD
6516,69759.0,LAX,HWD
6517,69781.0,LAX,LGB
6518,69785.0,LAX,ANH
6519,69800.0,LAX,DTLA
6520,69811.0,LAX,LGB
6521,69822.0,LAX,DTLA
6522,69823.0,LAX,ANH
6523,69824.0,LAX,ANH
6524,69840.0,LAX,DTLA
6525,69842.0,LAX,HWD
6526,69875.0,LAX,DTLA
6527,69927.0,LAX,ANH
6528,69935.0,LAX,ANH
6529,70019.0,LAX,HWD
6530,70040.0,LAX,DTLA
6531,70042.0,LAX,LGB
6532,70103.0,LAX,HWD
6533,70135.0,LAX,ANH
6534,70157.0,LAX,DTLA
6535,70171.0,LAX,LGB
6536,70177.0,LAX,ANH
6537,70183.0,LAX,ANH
6538,70219.0,LAX,HWD
6539,70237.0,LAX,HWD
6540,70241.0,LAX,HWD
6541,70244.0,LAX,DTLA
6542,70259.0,LAX,ANH
6543,70264.0,LAX,DTLA
6544,70276.0,LAX,LGB
6545,70292.0,LAX,HWD
6546,70293.0,LAX,LGB
6547,70302.0,LAX,LGB
6548,70303.0,LAX,DTLA
6549,70324.0,LAX,HWD
6550,70325.0,LAX,DTLA
6551,70343.0,LAX,ANH
6552,70351.0,LAX,LGB
6553,70357.0,LAX,HWD
6554,70382.0,LAX,LGB
6555,70384.0,LAX,ANH
6556,70384.0,LAX,HWD
6557,70388.0,LAX,HWD
6558,70412.0,LAX,DTLA
6559,70419.0,LAX,ANH
6560,70419.0,LAX,DTLA
6561,70420.0,LAX,HWD
6562,70438.0,LAX,DTLA
6563,70444.0,LAX,DTLA
6564,70466.0,LAX,ANH
6565,70469.0,LAX,ANH
6566,70475.0,LAX,LGB
6567,70482.0,LAX,HWD
6568,70485.0,LAX,HWD
6569,70509.0,LAX,ANH
6570,70512.0,LAX,HWD
6571,70514.0,LAX,HWD
6572,70519.0,LAX,LGB
6573,70527.0,LAX,DTLA
6574,70531.0,LAX,HWD
6575,70541.0,LAX,DTLA
6576,70600.0,LAX,ANH
6577,70613.0,LAX,LGB
6578,70618.0,LAX,DTLA
6579,70619.0,LAX,LGB
6580,70637.0,LAX,HWD
6581,70645.0,LAX,ANH
6582,70674.0,LAX,DTLA
6583,70689.0,LAX,ANH
6584,70709.0,LAX,HWD
6585,70715.0,LAX,HWD
6586,70720.0,LAX,ANH
6587,70741.0,LAX,DTLA
6588,70767.0,LAX,ANH
6589,70774.0,LAX,DTLA
6590,70786.0,LAX,LGB
6591,70800.0,LAX,ANH
6592,70816.0,LAX,ANH
6593,70819.0,LAX,LGB
6594,70882.0,LAX,LGB
6595,70911.0,LAX,LGB
6596,70931.0,LAX,DTLA
6597,70933.0,LAX,HWD
6598,70943.0,LAX,DTLA
6599,70961.0,LAX,ANH
6600,70972.0,LAX,DTLA
6601,70998.0,LAX,ANH
6602,71087.0,LAX,ANH
6603,71089.0,LAX,ANH
6604,71105.0,LAX,ANH
6605,71109.0,LAX,HWD
6606,71122.0,LAX,HWD
6607,71143.0,LAX,HWD
6608,71178.0,LAX,LGB
6609,71179.0,LAX,ANH
6610,71190.0,LAX,DTLA
6611,71192.0,LAX,DTLA
6612,71194.0,LAX,LGB
6613,71195.0,LAX,DTLA
6614,71198.0,LAX,LGB
6615,71214.0,LAX,DTLA
6616,71215.0,LAX,ANH
6617,71217.0,LAX,DTLA
6618,71222.0,LAX,ANH
6619,71225.0,LAX,ANH
6620,71231.0,LAX,LGB
6621,71233.0,LAX,ANH
6622,71233.0,LAX,ANH
6623,71239.0,LAX,ANH
6624,71251.0,LAX,LGB
6625,71256.0,LAX,DTLA
6626,71256.0,LAX,ANH
6627,71257.0,LAX,DTLA
6628,71267.0,LAX,DTLA
6629,71273.0,LAX,LGB
6630,71278.0,LAX,DTLA
6631,71293.0,LAX,DTLA
6632,71312.0,LAX,DTLA
6633,71325.0,LAX,DTLA
6634,71328.0,LAX,DTLA
6635,71329.0,LAX,DTLA
6636,71330.0,LAX,DTLA
6637,71338.0,LAX,HWD
6638,71366.0,LAX,HWD
6639,71372.0,LAX,LGB
6640,71376.0,LAX,ANH
6641,71388.0,LAX,DTLA
6642,71415.0,LAX,DTLA
6643,71422.0,LAX,DTLA
6644,71426.0,LAX,HWD
6645,71432.0,LAX,DTLA
6646,71440.0,LAX,HWD
6647,71443.0,LAX,HWD
6648,71454.0,LAX,DTLA
6649,71463.0,LAX,HWD
6650,71468.0,LAX,HWD
6651,71472.0,LAX,ANH
6652,71486.0,LAX,ANH
6653,71495.0,LAX,ANH
6654,71512.0,LAX,LGB
6655,71538.0,LAX,LGB
6656,71562.0,LAX,ANH
6657,71567.0,LAX,DTLA
6658,71569.0,LAX,DTLA
6659,71573.0,LAX,HWD
6660,71582.0,LAX,HWD
6661,71584.0,LAX,DTLA
6662,71596.0,LAX,ANH
6663,71606.0,LAX,LGB
6664,71626.0,LAX,ANH
6665,71630.0,LAX,DTLA
6666,71645.0,LAX,DTLA
6667,71652.0,LAX,DTLA
6668,71679.0,LAX,HWD
6669,71811.0,LAX,DTLA
6670,71843.0,LAX,HWD
6671,71861.0,LAX,ANH
6672,71867.0,LAX,ANH
6673,71901.0,LAX,LGB
6674,71934.0,LAX,DTLA
6675,71939.0,LAX,LGB
6676,71948.0,LAX,ANH
6677,72001.0,LAX,ANH
6678,72015.0,LAX,LGB
6679,72040.0,LAX,DTLA
6680,72055.0,LAX,HWD
6681,72109.0,LAX,LGB
6682,72118.0,LAX,ANH
6683,72122.0,LAX,ANH
6684,72131.0,LAX,LGB
6685,72193.0,LAX,ANH
6686,72201.0,LAX,ANH
6687,72240.0,LAX,DTLA
6688,72258.0,LAX,DTLA
6689,72258.0,LAX,ANH
6690,72263.0,LAX,ANH
6691,72266.0,LAX,ANH
6692,72274.0,LAX,ANH
6693,72278.0,LAX,HWD
6694,72294.0,LAX,HWD
6695,72309.0,LAX,ANH
6696,72374.0,LAX,DTLA
6697,72380.0,LAX,DTLA
6698,72473.0,LAX,LGB
6699,72509.0,LAX,ANH
6700,72515.0,LAX,ANH
6701,72525.0,LAX,ANH
6702,72533.0,LAX,LGB
6703,72539.0,LAX,ANH
6704,72547.0,LAX,HWD
6705,72551.0,LAX,DTLA
6706,72610.0,LAX,DTLA
6707,72623.0,LAX,HWD
6708,72625.0,LAX,ANH
6709,72664.0,LAX,DTLA
6710,72673.0,LAX,ANH
6711,72700.0,LAX,HWD
6712,72706.0,LAX,LGB
6713,72721.0,LAX,LGB
6714,72727.0,LAX,ANH
6715,72735.0,LAX,LGB
6716,72740.0,LAX,DTLA
6717,72747.0,LAX,DTLA
6718,72809.0,LAX,DTLA
6719,72829.0,LAX,ANH
6720,72843.0,LAX,DTLA
6721,72859.0,LAX,HWD
6722,72864.0,LAX,DTLA
6723,72867.0,LAX,HWD
6724,72875.0,LAX,HWD
6725,72909.0,LAX,DTLA
6726,72951.0,LAX,HWD
6727,72962.0,LAX,HWD
6728,72971.0,LAX,LGB
6729,72998.0,LAX,ANH
6730,73005.0,LAX,HWD
6731,73026.0,LAX,HWD
6732,73068.0,LAX,DTLA
6733,73086.0,LAX,LGB
6734,73104.0,LAX,ANH
6735,73126.0,LAX,HWD
6736,73132.0,LAX,ANH
6737,73137.0,LAX,ANH
6738,73148.0,LAX,LGB
6739,73179.0,LAX,ANH
6740,73182.0,LAX,DTLA
6741,73211.0,LAX,HWD
6742,73214.0,LAX,ANH
6743,73245.0,LAX,DTLA
6744,73253.0,LAX,HWD
6745,73256.0,LAX,ANH
6746,73268.0,LAX,ANH
6747,73280.0,LAX,LGB
6748,73385.0,LAX,DTLA
6749,73398.0,LAX,DTLA
6750,73417.0,LAX,LGB
6751,73452.0,LAX,HWD
6752,73455.0,LAX,DTLA
6753,73458.0,LAX,DTLA
6754,73459.0,LAX,ANH
6755,73465.0,LAX,LGB
6756,73490.0,LAX,ANH
6757,73523.0,LAX,HWD
6758,73628.0,LAX,HWD
6759,73743.0,LAX,DTLA
6760,73778.0,LAX,DTLA
6761,73807.0,LAX,DTLA
6762,73950.0,LAX,DTLA
6763,73974.0,LAX,DTLA
6764,73977.0,LAX,DTLA
6765,73986.0,LAX,LGB
6766,74006.0,LAX,LGB
6767,74028.0,LAX,HWD
6768,74036.0,LAX,ANH
6769,74099.0,LAX,ANH
6770,74103.0,LAX,HWD
6771,74110.0,LAX,ANH
6772,74120.0,LAX,LGB
6773,74159.0,LAX,ANH
6774,74161.0,LAX,LGB
6775,74166.0,LAX,ANH
6776,74179.0,LAX,DTLA
6777,74182.0,LAX,HWD
6778,74208.0,LAX,LGB
6779,74216.0,LAX,ANH
6780,74220.0,LAX,DTLA
6781,74220.0,LAX,HWD
6782,74235.0,LAX,LGB
6783,74261.0,LAX,ANH
6784,74267.0,LAX,HWD
6785,74276.0,LAX,DTLA
6786,74300.0,LAX,HWD
6787,74301.0,LAX,DTLA
6788,74304.0,LAX,HWD
6789,74318.0,LAX,ANH
6790,74326.0,LAX,DTLA
6791,74348.0,LAX,HWD
6792,74354.0,LAX,LGB
6793,74355.0,LAX,DTLA
6794,74359.0,LAX,DTLA
6795,74361.0,LAX,ANH
6796,74363.0,LAX,LGB
6797,74364.0,LAX,DTLA
6798,74368.0,LAX,ANH
6799,74374.0,LAX,DTLA
6800,74374.0,LAX,ANH
6801,74393.0,LAX,HWD
6802,74400.0,LAX,HWD
6803,74403.0,LAX,DTLA
6804,74405.0,LAX,ANH
6805,74410.0,LAX,HWD
6806,74414.0,LAX,LGB
6807,74432.0,LAX,DTLA
6808,74438.0,LAX,ANH
6809,74449.0,LAX,HWD
6810,74450.0,LAX,LGB
6811,74460.0,LAX,HWD
6812,74481.0,LAX,DTLA
6813,74489.0,LAX,ANH
6814,74495.0,LAX,LGB
6815,74496.0,LAX,ANH
6816,74506.0,LAX,ANH
6817,74506.0,LAX,ANH
6818,74552.0,LAX,ANH
6819,74574.0,LAX,DTLA
6820,74590.0,LAX,LGB
6821,74590.0,LAX,DTLA
6822,74590.0,LAX,ANH
6823,74592.0,LAX,ANH
6824,74594.0,LAX,DTLA
6825,74595.0,LAX,ANH
6826,74596.0,LAX,DTLA
6827,74620.0,LAX,LGB
6828,74636.0,LAX,DTLA
6829,74680.0,LAX,HWD
6830,74694.0,LAX,LGB
6831,74706.0,LAX,DTLA
6832,74718.0,LAX,DTLA
6833,74722.0,LAX,ANH
6834,74737.0,LAX,LGB
6835,74747.0,LAX,DTLA
6836,74752.0,LAX,DTLA
6837,74758.0,LAX,ANH
6838,74766.0,LAX,HWD
6839,74774.0,LAX,ANH
6840,74776.0,LAX,DTLA
6841,74810.0,LAX,HWD
6842,74817.0,LAX,HWD
6843,74818.0,LAX,ANH
6844,74820.0,LAX,ANH
6845,74827.0,LAX,ANH
6846,74828.0,LAX,DTLA
6847,74828.0,LAX,HWD
6848,74838.0,LAX,ANH
6849,74862.0,LAX,ANH
6850,74869.0,LAX,DTLA
6851,74877.0,LAX,ANH
6852,74881.0,LAX,HWD
6853,74891.0,LAX,HWD
6854,74906.0,LAX,HWD
6855,74917.0,LAX,HWD
6856,74924.0,LAX,ANH
6857,74969.0,LAX,DTLA
6858,74989.0,LAX,ANH
6859,75016.0,LAX,ANH
6860,75023.0,LAX,HWD
6861,75036.0,LAX,DTLA
6862,75037.0,LAX,DTLA
6863,75037.0,LAX,LGB
6864,75042.0,LAX,ANH
6865,75050.0,LAX,HWD
6866,75071.0,LAX,ANH
6867,75082.0,LAX,LGB
6868,75097.0,LAX,DTLA
6869,75103.0,LAX,ANH
6870,75131.0,LAX,LGB
6871,75141.0,LAX,DTLA
6872,75155.0,LAX,LGB
6873,75156.0,LAX,DTLA
6874,75159.0,LAX,HWD
6875,75178.0,LAX,HWD
6876,75211.0,LAX,LGB
6877,75211.0,LAX,DTLA
6878,75216.0,LAX,LGB
6879,75224.0,LAX,DTLA
6880,75231.0,LAX,DTLA
6881,75232.0,LAX,DTLA
6882,75242.0,LAX,ANH
6883,75264.0,LAX,DTLA
6884,75271.0,LAX,HWD
6885,75277.0,LAX,HWD
6886,75295.0,LAX,DTLA
6887,75300.0,LAX,ANH
6888,75336.0,LAX,ANH
6889,75337.0,LAX,LGB
6890,75350.0,LAX,DTLA
6891,75391.0,LAX,HWD
6892,75415.0,LAX,DTLA
6893,75469.0,LAX,HWD
6894,75471.0,LAX,LGB
6895,75477.0,LAX,ANH
6896,75502.0,LAX,ANH
6897,75523.0,LAX,LGB
6898,75524.0,LAX,DTLA
6899,75526.0,LAX,ANH
6900,75534.0,LAX,DTLA
6901,75534.0,LAX,DTLA
6902,75538.0,LAX,ANH
6903,75555.0,LAX,LGB
6904,75574.0,LAX,HWD
6905,75601.0,LAX,DTLA
6906,75604.0,LAX,DTLA
6907,75612.0,LAX,DTLA
6908,75619.0,LAX,LGB
6909,75623.0,LAX,HWD
6910,75624.0,LAX,ANH
6911,75625.0,LAX,DTLA
6912,75635.0,LAX,ANH
6913,75649.0,LAX,DTLA
6914,75667.0,LAX,ANH
6915,75685.0,LAX,LGB
6916,75701.0,LAX,DTLA
6917,75715.0,LAX,DTLA
6918,75716.0,LAX,ANH
6919,75732.0,LAX,ANH
6920,75737.0,LAX,ANH
6921,75754.0,LAX,DTLA
6922,75759.0,LAX,ANH
6923,75763.0,LAX,LGB
6924,75768.0,LAX,DTLA
6925,75769.0,LAX,HWD
6926,75778.0,LAX,ANH
6927,75781.0,LAX,LGB
6928,75781.0,LAX,ANH
6929,75785.0,LAX,DTLA
6930,75796.0,LAX,ANH
6931,75829.0,LAX,LGB
6932,75852.0,LAX,DTLA
6933,75870.0,LAX,HWD
6934,75871.0,LAX,ANH
6935,75886.0,LAX,ANH
6936,75909.0,LAX,HWD
6937,75911.0,LAX,HWD
6938,75942.0,LAX,DTLA
6939,75952.0,LAX,HWD
6940,75980.0,LAX,DTLA
6941,75999.0,LAX,ANH
6942,76009.0,LAX,LGB
6943,76011.0,LAX,ANH
6944,76036.0,LAX,ANH
6945,76042.0,LAX,LGB
6946,76049.0,LAX,HWD
6947,76081.0,LAX,ANH
6948,76082.0,LAX,ANH
6949,76083.0,LAX,DTLA
6950,76090.0,LAX,DTLA
6951,76103.0,LAX,HWD
6952,76130.0,LAX,ANH
6953,76142.0,LAX,LGB
6954,76143.0,LAX,ANH
6955,76147.0,LAX,ANH
6956,76157.0,LAX,LGB
6957,76158.0,LAX,HWD
6958,76161.0,LAX,HWD
6959,76164.0,LAX,ANH
6960,76186.0,LAX,DTLA
6961,76188.0,LAX,DTLA
6962,76197.0,LAX,LGB
6963,76199.0,LAX,DTLA
6964,76202.0,LAX,LGB
6965,76235.0,LAX,LGB
6966,76235.0,LAX,DTLA
6967,76245.0,LAX,DTLA
6968,76248.0,LAX,DTLA
6969,76248.0,LAX,HWD
6970,76251.0,LAX,HWD
6971,76256.0,LAX,DTLA
6972,76268.0,LAX,ANH
6973,76279.0,LAX,LGB
6974,76287.0,LAX,LGB
6975,76294.0,LAX,LGB
6976,76308.0,LAX,DTLA
6977,76313.0,LAX,LGB
6978,76313.0,LAX,HWD
6979,76336.0,LAX,DTLA
6980,76338.0,LAX,ANH
6981,76343.0,LAX,HWD
6982,76365.0,LAX,LGB
6983,76368.0,LAX,DTLA
6984,76373.0,LAX,DTLA
6985,76390.0,LAX,DTLA
6986,76394.0,LAX,ANH
6987,76402.0,LAX,DTLA
6988,76410.0,LAX,HWD
6989,76423.0,LAX,LGB
6990,76428.0,LAX,DTLA
6991,76430.0,LAX,ANH
6992,76437.0,LAX,ANH
6993,76455.0,LAX,HWD
6994,76462.0,LAX,DTLA
6995,76467.0,LAX,LGB
6996,76475.0,LAX,LGB
6997,76497.0,LAX,LGB
6998,76497.0,LAX,HWD
6999,76512.0,LAX,DTLA
7000,76566.0,LAX,DTLA
7001,76576.0,LAX,HWD
7002,76590.0,LAX,ANH
7003,76606.0,LAX,ANH
7004,76608.0,LAX,ANH
7005,76610.0,LAX,LGB
7006,76612.0,LAX,ANH
7007,76631.0,LAX,DTLA
7008,76632.0,LAX,HWD
7009,76643.0,LAX,DTLA
7010,76677.0,LAX,DTLA
7011,76699.0,LAX,LGB
7012,76699.0,LAX,HWD
7013,76722.0,LAX,LGB
7014,76723.0,LAX,DTLA
7015,76731.0,LAX,DTLA
7016,76739.0,LAX,HWD
7017,76749.0,LAX,ANH
7018,76751.0,LAX,ANH
7019,76764.0,LAX,DTLA
7020,76786.0,LAX,HWD
7021,76789.0,LAX,DTLA
7022,76793.0,LAX,DTLA
7023,76818.0,LAX,HWD
7024,76822.0,LAX,HWD
7025,76822.0,LAX,LGB
7026,76840.0,LAX,LGB
7027,76847.0,LAX,HWD
7028,76848.0,LAX,HWD
7029,76852.0,LAX,ANH
7030,76860.0,LAX,LGB
7031,76876.0,LAX,DTLA
7032,76887.0,LAX,LGB
7033,76888.0,LAX,ANH
7034,76894.0,LAX,ANH
7035,76919.0,LAX,ANH
7036,76927.0,LAX,DTLA
7037,76934.0,LAX,DTLA
7038,76934.0,LAX,DTLA
7039,76944.0,LAX,ANH
7040,76964.0,LAX,ANH
7041,76965.0,LAX,LGB
7042,76970.0,LAX,LGB
7043,76970.0,LAX,LGB
7044,76981.0,LAX,DTLA
7045,76982.0,LAX,DTLA
7046,76992.0,LAX,ANH
7047,77015.0,LAX,DTLA
7048,77016.0,LAX,DTLA
7049,77017.0,LAX,HWD
7050,77023.0,LAX,DTLA
7051,77033.0,LAX,HWD
7052,77043.0,LAX,ANH
7053,77082.0,LAX,LGB
7054,77084.0,LAX,ANH
7055,77089.0,LAX,LGB
7056,77093.0,LAX,HWD
7057,77098.0,LAX,DTLA
7058,77099.0,LAX,ANH
7059,77101.0,LAX,DTLA
7060,77104.0,LAX,DTLA
7061,77106.0,LAX,ANH
7062,77112.0,LAX,DTLA
7063,77115.0,LAX,DTLA
7064,77130.0,LAX,DTLA
7065,77145.0,LAX,HWD
7066,77159.0,LAX,DTLA
7067,77183.0,LAX,ANH
7068,77195.0,LAX,HWD
7069,77211.0,LAX,ANH
7070,77215.0,LAX,DTLA
7071,77242.0,LAX,ANH
7072,77243.0,LAX,LGB
7073,77248.0,LAX,HWD
7074,77257.0,LAX,DTLA
7075,77265.0,LAX,HWD
7076,77293.0,LAX,LGB
7077,77313.0,LAX,DTLA
7078,77314.0,LAX,HWD
7079,77323.0,LAX,DTLA
7080,77358.0,LAX,HWD
7081,77368.0,LAX,ANH
7082,77389.0,LAX,LGB
7083,77390.0,LAX,DTLA
7084,77400.0,LAX,HWD
7085,77412.0,LAX,LGB
7086,77431.0,LAX,HWD
7087,77431.0,LAX,DTLA
7088,77438.0,LAX,DTLA
7089,77441.0,LAX,DTLA
7090,77448.0,LAX,LGB
7091,77449.0,LAX,ANH
7092,77460.0,LAX,DTLA
7093,77467.0,LAX,DTLA
7094,77507.0,LAX,DTLA
7095,77509.0,LAX,LGB
7096,77512.0,LAX,HWD
7097,77536.0,LAX,DTLA
7098,77540.0,LAX,HWD
7099,77591.0,LAX,DTLA
7100,77604.0,LAX,DTLA
7101,77606.0,LAX,LGB
7102,77619.0,LAX,LGB
7103,77620.0,LAX,HWD
7104,77644.0,LAX,HWD
7105,77672.0,LAX,HWD
7106,77674.0,LAX,ANH
7107,77692.0,LAX,DTLA
7108,77721.0,LAX,ANH
7109,77735.0,LAX,DTLA
7110,77742.0,LAX,LGB
7111,77752.0,LAX,ANH
7112,77782.0,LAX,DTLA
7113,77798.0,LAX,HWD
7114,77803.0,LAX,ANH
7115,77816.0,LAX,ANH
7116,77822.0,LAX,DTLA
7117,77852.0,LAX,HWD
7118,77859.0,LAX,LGB
7119,77873.0,LAX,DTLA
7120,77892.0,LAX,DTLA
7121,77896.0,LAX,DTLA
7122,77897.0,LAX,LGB
7123,77929.0,LAX,LGB
7124,77943.0,LAX,ANH
7125,77944.0,LAX,DTLA
7126,77947.0,LAX,ANH
7127,77950.0,LAX,DTLA
7128,77961.0,LAX,HWD
7129,77970.0,LAX,ANH
7130,77992.0,LAX,ANH
7131,78002.0,LAX,ANH
7132,78014.0,LAX,HWD
7133,78042.0,LAX,DTLA
7134,78045.0,LAX,DTLA
7135,78057.0,LAX,DTLA
7136,78111.0,LAX,HWD
7137,78115.0,LAX,HWD
7138,78128.0,LAX,LGB
7139,78141.0,LAX,ANH
7140,78144.0,LAX,LGB
7141,78148.0,LAX,HWD
7142,78163.0,LAX,LGB
7143,78175.0,LAX,ANH
7144,78175.0,LAX,LGB
7145,78184.0,LAX,HWD
7146,78188.0,LAX,DTLA
7147,78228.0,LAX,ANH
7148,78250.0,LAX,DTLA
7149,78291.0,LAX,HWD
7150,78299.0,LAX,HWD
7151,78357.0,LAX,DTLA
7152,78363.0,LAX,HWD
7153,78432.0,LAX,ANH
7154,78461.0,LAX,ANH
7155,78470.0,LAX,LGB
7156,78473.0,LAX,ANH
7157,78526.0,LAX,HWD
7158,78542.0,LAX,DTLA
7159,78555.0,LAX,HWD
7160,78570.0,LAX,HWD
7161,78583.0,LAX,ANH
7162,78588.0,LAX,DTLA
7163,78590.0,LAX,LGB
7164,78613.0,LAX,DTLA
7165,78614.0,LAX,ANH
7166,78620.0,LAX,LGB
7167,78624.0,LAX,HWD
7168,78624.0,LAX,ANH
7169,78632.0,LAX,HWD
7170,78633.0,LAX,ANH
7171,78643.0,LAX,DTLA
7172,78655.0,LAX,DTLA
7173,78660.0,LAX,DTLA
7174,78693.0,LAX,HWD
7175,78732.0,LAX,HWD
7176,78734.0,LAX,DTLA
7177,78738.0,LAX,HWD
7178,78754.0,LAX,ANH
7179,78760.0,LAX,ANH
7180,78760.0,LAX,LGB
7181,78762.0,LAX,HWD
7182,78768.0,LAX,LGB
7183,78789.0,LAX,HWD
7184,78810.0,LAX,ANH
7185,78830.0,LAX,LGB
7186,78831.0,LAX,DTLA
7187,78835.0,LAX,ANH
7188,78842.0,LAX,ANH
7189,78843.0,LAX,HWD
7190,78851.0,LAX,DTLA
7191,78858.0,LAX,LGB
7192,78870.0,LAX,ANH
7193,78883.0,LAX,DTLA
7194,78884.0,LAX,HWD
7195,78905.0,LAX,DTLA
7196,78941.0,LAX,LGB
7197,78945.0,LAX,LGB
7198,78973.0,LAX,HWD
7199,79011.0,LAX,ANH
7200,79035.0,LAX,LGB
7201,79043.0,LAX,DTLA
7202,79092.0,LAX,HWD
7203,79098.0,LAX,DTLA
7204,79120.0,LAX,HWD
7205,79127.0,LAX,HWD
7206,79137.0,LAX,ANH
7207,79152.0,LAX,DTLA
7208,79179.0,LAX,DTLA
7209,79211.0,LAX,HWD
7210,79237.0,LAX,DTLA
7211,79257.0,LAX,DTLA
7212,79287.0,LAX,HWD
7213,79296.0,LAX,DTLA
7214,79316.0,LAX,DTLA
7215,79351.0,LAX,DTLA
7216,79354.0,LAX,DTLA
7217,79407.0,LAX,DTLA
7218,79419.0,LAX,HWD
7219,79424.0,LAX,ANH
7220,79430.0,LAX,DTLA
7221,79444.0,LAX,ANH
7222,79451.0,LAX,LGB
7223,79452.0,LAX,ANH
7224,79481.0,LAX,HWD
7225,79483.0,LAX,HWD
7226,79486.0,LAX,HWD
7227,79509.0,LAX,ANH
7228,79510.0,LAX,HWD
7229,79511.0,LAX,ANH
7230,79521.0,LAX,LGB
7231,79522.0,LAX,ANH
7232,79542.0,LAX,LGB
7233,79575.0,LAX,DTLA
7234,79731.0,LAX,DTLA
7235,79734.0,LAX,DTLA
7236,79789.0,LAX,HWD
7237,79821.0,LAX,DTLA
7238,79865.0,LAX,DTLA
7239,79884.0,LAX,LGB
7240,79892.0,LAX,ANH
7241,79893.0,LAX,DTLA
7242,79902.0,LAX,ANH
7243,79906.0,LAX,HWD
7244,79913.0,LAX,LGB
7245,79923.0,LAX,HWD
7246,79931.0,LAX,LGB
7247,79949.0,LAX,DTLA
7248,79955.0,LAX,HWD
7249,79956.0,LAX,ANH
7250,79967.0,LAX,ANH
7251,79971.0,LAX,HWD
7252,79984.0,LAX,DTLA
7253,79998.0,LAX,ANH
7254,80013.0,LAX,LGB
7255,80014.0,LAX,HWD
7256,80017.0,LAX,DTLA
7257,80024.0,LAX,ANH
7258,80034.0,LAX,DTLA
7259,80064.0,LAX,LGB
7260,80066.0,LAX,DTLA
7261,80087.0,LAX,ANH
7262,80091.0,LAX,LGB
7263,80103.0,LAX,DTLA
7264,80125.0,LAX,DTLA
7265,80134.0,LAX,ANH
7266,80146.0,LAX,DTLA
7267,80162.0,LAX,ANH
7268,80173.0,LAX,HWD
7269,80181.0,LAX,LGB
7270,80186.0,LAX,HWD
7271,80202.0,LAX,HWD
7272,80205.0,LAX,ANH
7273,80210.0,LAX,ANH
7274,80210.0,LAX,ANH
7275,80219.0,LAX,LGB
7276,80224.0,LAX,ANH
7277,80243.0,LAX,LGB
7278,80244.0,LAX,LGB
7279,80246.0,LAX,ANH
7280,80264.0,LAX,HWD
7281,80268.0,LAX,HWD
7282,80276.0,LAX,HWD
7283,80286.0,LAX,DTLA
7284,80315.0,LAX,HWD
7285,80319.0,LAX,DTLA
7286,80320.0,LAX,LGB
7287,80322.0,LAX,HWD
7288,80363.0,LAX,ANH
7289,80378.0,LAX,DTLA
7290,80378.0,LAX,LGB
7291,80388.0,LAX,ANH
7292,80391.0,LAX,HWD
7293,80398.0,LAX,HWD
7294,80407.0,LAX,DTLA
7295,80439.0,LAX,DTLA
7296,80479.0,LAX,ANH
7297,80485.0,LAX,HWD
7298,80493.0,LAX,DTLA
7299,80516.0,LAX,ANH
7300,80523.0,LAX,DTLA
7301,80529.0,LAX,ANH
7302,80532.0,LAX,DTLA
7303,80546.0,LAX,HWD
7304,80549.0,LAX,DTLA
7305,80551.0,LAX,LGB
7306,80557.0,LAX,ANH
7307,80575.0,LAX,DTLA
7308,80592.0,LAX,DTLA
7309,80612.0,LAX,LGB
7310,80623.0,LAX,LGB
7311,80627.0,LAX,HWD
7312,80631.0,LAX,LGB
7313,80633.0,LAX,ANH
7314,80645.0,LAX,ANH
7315,80650.0,LAX,DTLA
7316,80652.0,LAX,LGB
7317,80673.0,LAX,HWD
7318,80673.0,LAX,LGB
7319,80679.0,LAX,ANH
7320,80683.0,LAX,DTLA
7321,80684.0,LAX,DTLA
7322,80688.0,LAX,LGB
7323,80701.0,LAX,HWD
7324,80721.0,LAX,HWD
7325,80740.0,LAX,HWD
7326,80753.0,LAX,DTLA
7327,80771.0,LAX,ANH
7328,80791.0,LAX,HWD
7329,80836.0,LAX,DTLA
7330,80844.0,LAX,DTLA
7331,80846.0,LAX,HWD
7332,80888.0,LAX,DTLA
7333,80896.0,LAX,HWD
7334,80920.0,LAX,DTLA
7335,80940.0,LAX,DTLA
7336,80957.0,LAX,DTLA
7337,80968.0,LAX,LGB
7338,80970.0,LAX,ANH
7339,80975.0,LAX,LGB
7340,80984.0,LAX,LGB
7341,81004.0,LAX,LGB
7342,81008.0,LAX,DTLA
7343,81011.0,LAX,LGB
7344,81014.0,LAX,DTLA
7345,81053.0,LAX,DTLA
7346,81054.0,LAX,ANH
7347,81067.0,LAX,ANH
7348,81088.0,LAX,HWD
7349,81098.0,LAX,DTLA
7350,81168.0,LAX,DTLA
7351,81185.0,LAX,HWD
7352,81186.0,LAX,DTLA
7353,81191.0,LAX,DTLA
7354,81194.0,LAX,ANH
7355,81201.0,LAX,DTLA
7356,81201.0,LAX,HWD
7357,81211.0,LAX,ANH
7358,81216.0,LAX,LGB
7359,81224.0,LAX,ANH
7360,81236.0,LAX,DTLA
7361,81236.0,LAX,LGB
7362,81238.0,LAX,ANH
7363,81243.0,LAX,ANH
7364,81248.0,LAX,HWD
7365,81251.0,LAX,ANH
7366,81262.0,LAX,ANH
7367,81263.0,LAX,ANH
7368,81284.0,LAX,HWD
7369,81294.0,LAX,ANH
7370,81298.0,LAX,DTLA
7371,81301.0,LAX,HWD
7372,81318.0,LAX,HWD
7373,81324.0,LAX,DTLA
7374,81328.0,LAX,DTLA
7375,81334.0,LAX,ANH
7376,81343.0,LAX,LGB
7377,81355.0,LAX,ANH
7378,81371.0,LAX,DTLA
7379,81378.0,LAX,LGB
7380,81385.0,LAX,ANH
7381,81393.0,LAX,DTLA
7382,81412.0,LAX,ANH
7383,81418.0,LAX,DTLA
7384,81435.0,LAX,ANH
7385,81436.0,LAX,HWD
7386,81485.0,LAX,ANH
7387,81515.0,LAX,ANH
7388,81568.0,LAX,DTLA
7389,81573.0,LAX,ANH
7390,81577.0,LAX,LGB
7391,81591.0,LAX,ANH
7392,81594.0,LAX,HWD
7393,81595.0,LAX,DTLA
7394,81600.0,LAX,LGB
7395,81615.0,LAX,LGB
7396,81618.0,LAX,ANH
7397,81618.0,LAX,ANH
7398,81626.0,LAX,LGB
7399,81628.0,LAX,DTLA
7400,81630.0,LAX,ANH
7401,81633.0,LAX,ANH
7402,81643.0,LAX,HWD
7403,81653.0,LAX,DTLA
7404,81669.0,LAX,HWD
7405,81675.0,LAX,LGB
7406,81676.0,LAX,ANH
7407,81681.0,LAX,HWD
7408,81681.0,LAX,DTLA
7409,81682.0,LAX,ANH
7410,81683.0,LAX,ANH
7411,81690.0,LAX,HWD
7412,81694.0,LAX,ANH
7413,81698.0,LAX,DTLA
7414,81712.0,LAX,DTLA
7415,81720.0,LAX,HWD
7416,81728.0,LAX,DTLA
7417,81741.0,LAX,ANH
7418,81752.0,LAX,ANH
7419,81762.0,LAX,ANH
7420,81775.0,LAX,HWD
7421,81778.0,LAX,DTLA
7422,81798.0,LAX,DTLA
7423,81810.0,LAX,ANH
7424,81815.0,LAX,DTLA
7425,81835.0,LAX,DTLA
7426,81862.0,LAX,HWD
7427,81863.0,LAX,LGB
7428,81866.0,LAX,LGB
7429,81867.0,LAX,ANH
7430,81875.0,LAX,HWD
7431,81887.0,LAX,ANH
7432,81922.0,LAX,LGB
7433,81924.0,LAX,DTLA
7434,81948.0,LAX,ANH
7435,81983.0,LAX,DTLA
7436,82029.0,LAX,LGB
7437,82140.0,LAX,DTLA
7438,82141.0,LAX,DTLA
7439,82161.0,LAX,LGB
7440,82254.0,LAX,LGB
7441,82278.0,LAX,HWD
7442,82302.0,LAX,ANH
7443,82307.0,LAX,HWD
7444,82310.0,LAX,HWD
7445,82320.0,LAX,DTLA
7446,82322.0,LAX,ANH
7447,82371.0,LAX,LGB
7448,82374.0,LAX,DTLA
7449,82391.0,LAX,ANH
7450,82438.0,LAX,DTLA
7451,82475.0,LAX,HWD
7452,82486.0,LAX,HWD
7453,82505.0,LAX,ANH
7454,82526.0,LAX,DTLA
7455,82556.0,LAX,HWD
7456,82571.0,LAX,DTLA
7457,82606.0,LAX,ANH
7458,82617.0,LAX,LGB
7459,82648.0,LAX,ANH
7460,82686.0,LAX,HWD
7461,82750.0,LAX,DTLA
7462,82767.0,LAX,DTLA
7463,82788.0,LAX,ANH
7464,82809.0,LAX,DTLA
7465,82860.0,LAX,DTLA
7466,82866.0,LAX,LGB
7467,82870.0,LAX,HWD
7468,82883.0,LAX,LGB
7469,82913.0,LAX,ANH
7470,82914.0,LAX,ANH
7471,82928.0,LAX,HWD
7472,82965.0,LAX,DTLA
7473,82988.0,LAX,HWD
7474,83025.0,LAX,DTLA
7475,83037.0,LAX,LGB
7476,83065.0,LAX,DTLA
7477,83074.0,LAX,ANH
7478,83155.0,LAX,LGB
7479,83162.0,LAX,LGB
7480,83182.0,LAX,ANH
7481,83410.0,LAX,LGB
7482,83447.0,LAX,HWD
7483,83460.0,LAX,DTLA
7484,83468.0,LAX,DTLA
7485,83537.0,LAX,LGB
7486,83539.0,LAX,LGB
7487,83569.0,LAX,HWD
7488,83582.0,LAX,HWD
7489,83592.0,LAX,HWD
7490,83598.0,LAX,DTLA
7491,83635.0,LAX,ANH
7492,83651.0,LAX,LGB
7493,83654.0,LAX,HWD
7494,83688.0,LAX,ANH
7495,83700.0,LAX,ANH
7496,83712.0,LAX,ANH
7497,83742.0,LAX,DTLA
7498,83825.0,LAX,DTLA
7499,83829.0,LAX,HWD
7500,83851.0,LAX,DTLA
7501,83891.0,LAX,HWD
7502,83894.0,LAX,HWD
7503,83896.0,LAX,HWD
7504,83953.0,LAX,ANH
7505,83963.0,LAX,DTLA
7506,83982.0,LAX,ANH
7507,83985.0,LAX,ANH
7508,83994.0,LAX,DTLA
7509,83996.0,LAX,HWD
7510,84006.0,LAX,LGB
7511,84006.0,LAX,DTLA
7512,84014.0,LAX,LGB
7513,84077.0,LAX,LGB
7514,84086.0,LAX,HWD
7515,84095.0,LAX,LGB
7516,84098.0,LAX,ANH
7517,84101.0,LAX,LGB
7518,84107.0,LAX,ANH
7519,84108.0,LAX,ANH
7520,84111.0,LAX,ANH
7521,84115.0,LAX,DTLA
7522,84121.0,LAX,DTLA
7523,84124.0,LAX,LGB
7524,84132.0,LAX,DTLA
7525,84144.0,LAX,LGB
7526,84147.0,LAX,ANH
7527,84152.0,LAX,DTLA
7528,84180.0,LAX,HWD
7529,84184.0,LAX,ANH
7530,84195.0,LAX,HWD
7531,84359.0,LAX,DTLA
7532,84372.0,LAX,DTLA
7533,84378.0,LAX,LGB
7534,84405.0,LAX,DTLA
7535,84448.0,LAX,DTLA
7536,84453.0,LAX,DTLA
7537,84460.0,LAX,ANH
7538,84461.0,LAX,DTLA
7539,84475.0,LAX,ANH
7540,84478.0,LAX,ANH
7541,84478.0,LAX,DTLA
7542,84493.0,LAX,DTLA
7543,84507.0,LAX,ANH
7544,84512.0,LAX,DTLA
7545,84543.0,LAX,HWD
7546,84586.0,LAX,HWD
7547,84594.0,LAX,ANH
7548,84601.0,LAX,ANH
7549,84616.0,LAX,ANH
7550,84623.0,LAX,ANH
7551,84641.0,LAX,DTLA
7552,84661.0,LAX,HWD
7553,84688.0,LAX,HWD
7554,84696.0,LAX,ANH
7555,84713.0,LAX,HWD
7556,84714.0,LAX,ANH
7557,84739.0,LAX,HWD
7558,84744.0,LAX,ANH
7559,84791.0,LAX,LGB
7560,84854.0,LAX,ANH
7561,84902.0,LAX,HWD
7562,84950.0,LAX,LGB
7563,84969.0,LAX,HWD
7564,84975.0,LAX,DTLA
7565,84990.0,LAX,LGB
7566,85011.0,LAX,HWD
7567,85042.0,LAX,DTLA
7568,85077.0,LAX,DTLA
7569,85085.0,LAX,ANH
7570,85110.0,LAX,HWD
7571,85139.0,LAX,HWD
7572,85147.0,LAX,LGB
7573,85148.0,LAX,HWD
7574,85176.0,LAX,HWD
7575,85192.0,LAX,DTLA
7576,85197.0,LAX,ANH
7577,85199.0,LAX,DTLA
7578,85222.0,LAX,ANH
7579,85228.0,LAX,DTLA
7580,85301.0,LAX,DTLA
7581,85322.0,LAX,DTLA
7582,85339.0,LAX,DTLA
7583,85362.0,LAX,HWD
7584,85392.0,LAX,HWD
7585,85415.0,LAX,DTLA
7586,85428.0,LAX,DTLA
7587,85434.0,LAX,DTLA
7588,85448.0,LAX,DTLA
7589,85456.0,LAX,ANH
7590,85469.0,LAX,DTLA
7591,85492.0,LAX,LGB
7592,85548.0,LAX,ANH
7593,85563.0,LAX,DTLA
7594,85571.0,LAX,DTLA
7595,85612.0,LAX,DTLA
7596,85621.0,LAX,ANH
7597,85636.0,LAX,HWD
7598,85644.0,LAX,ANH
7599,85666.0,LAX,ANH
7600,85676.0,LAX,DTLA
7601,85695.0,LAX,DTLA
7602,85708.0,LAX,HWD
7603,85717.0,LAX,HWD
7604,85741.0,LAX,DTLA
7605,85741.0,LAX,HWD
7606,85744.0,LAX,DTLA
7607,85763.0,LAX,LGB
7608,85766.0,LAX,ANH
7609,85787.0,LAX,DTLA
7610,85795.0,LAX,ANH
7611,85824.0,LAX,ANH
7612,85861.0,LAX,DTLA
7613,85884.0,LAX,DTLA
7614,85910.0,LAX,ANH
7615,85913.0,LAX,ANH
7616,85942.0,LAX,DTLA
7617,85943.0,LAX,DTLA
7618,85958.0,LAX,ANH
7619,86112.0,LAX,DTLA
7620,86199.0,LAX,ANH
7621,86312.0,LAX,DTLA
7622,86312.0,LAX,DTLA
7623,86399.0,LAX,HWD
