passenger_id,passenger_arrival_time,origin_vertiport_id,destination_vertiport_id
0,64.0,DTLA,LAX
1,541.0,UVS,LAX
2,617.0,BVH,LAX
3,1718.0,DTLA,LAX
4,1738.0,LGB,LAX
5,1945.0,PSD,LAX
6,2184.0,UVS,LAX
7,2948.0,HWD,LAX
8,3291.0,BVH,LAX
9,3361.0,WDHL,LAX
10,4464.0,WDHL,LAX
11,6097.0,HWD,LAX
12,8657.0,DTLA,LAX
13,10206.0,LGB,LAX
14,10817.0,ANH,LAX
15,11190.0,HWD,LAX
16,11965.0,PSD,LAX
17,12136.0,ANH,LAX
18,12227.0,WDHL,LAX
19,12577.0,ANH,LAX
20,12811.0,DTLA,LAX
21,13032.0,BVH,LAX
22,13053.0,DTLA,LAX
23,13078.0,ANH,LAX
24,13220.0,ANH,LAX
25,13398.0,WDHL,LAX
26,13411.0,ANH,LAX
27,13460.0,DTLA,LAX
28,13528.0,PSD,LAX
29,13695.0,HWD,LAX
30,13711.0,WDHL,LAX
31,13830.0,HWD,LAX
32,13912.0,DTLA,LAX
33,14350.0,ANH,LAX
34,14357.0,ANH,LAX
35,14448.0,LGB,LAX
36,14488.0,ANH,LAX
37,14619.0,LGB,LAX
38,14672.0,ANH,LAX
39,14731.0,DTLA,LAX
40,14831.0,BVH,LAX
41,14988.0,WDHL,LAX
42,14992.0,PSD,LAX
43,15072.0,DTLA,LAX
44,15088.0,ANH,LAX
45,15203.0,LGB,LAX
46,15214.0,DTLA,LAX
47,15347.0,DTLA,LAX
48,15434.0,LGB,LAX
49,15516.0,UVS,LAX
50,15764.0,DTLA,LAX
51,15810.0,PSD,LAX
52,16026.0,BVH,LAX
53,16068.0,LGB,LAX
54,16113.0,ANH,LAX
55,16320.0,LGB,LAX
56,16370.0,LGB,LAX
57,16390.0,HWD,LAX
58,16508.0,HWD,LAX
59,16591.0,DTLA,LAX
60,16613.0,HWD,LAX
61,16623.0,PSD,LAX
62,16642.0,BVH,LAX
63,16651.0,LGB,LAX
64,16661.0,ANH,LAX
65,16667.0,HWD,LAX
66,16776.0,BVH,LAX
67,16791.0,HWD,LAX
68,16907.0,DTLA,LAX
69,16969.0,DTLA,LAX
70,16975.0,PSD,LAX
71,17081.0,BVH,LAX
72,17165.0,LGB,LAX
73,17316.0,ANH,LAX
74,17356.0,PSD,LAX
75,17472.0,ANH,LAX
76,17555.0,ANH,LAX
77,17691.0,ANH,LAX
78,17697.0,PSD,LAX
79,17784.0,DTLA,LAX
80,18045.0,WDHL,LAX
81,18200.0,DTLA,LAX
82,18207.0,ANH,LAX
83,18214.0,DTLA,LAX
84,18282.0,ANH,LAX
85,18361.0,PSD,LAX
86,18364.0,DTLA,LAX
87,18398.0,ANH,LAX
88,18410.0,LGB,LAX
89,18545.0,DTLA,LAX
90,18607.0,BVH,LAX
91,18610.0,LGB,LAX
92,18659.0,DTLA,LAX
93,18670.0,BVH,LAX
94,18674.0,ANH,LAX
95,18716.0,DTLA,LAX
96,18823.0,DTLA,LAX
97,18829.0,DTLA,LAX
98,18883.0,DTLA,LAX
99,18930.0,ANH,LAX
100,19005.0,HWD,LAX
101,19114.0,LGB,LAX
102,19158.0,HWD,LAX
103,19168.0,PSD,LAX
104,19234.0,UVS,LAX
105,19508.0,DTLA,LAX
106,19563.0,LGB,LAX
107,19582.0,HWD,LAX
108,19586.0,ANH,LAX
109,19774.0,DTLA,LAX
110,19999.0,HWD,LAX
111,20125.0,BVH,LAX
112,20130.0,DTLA,LAX
113,20209.0,ANH,LAX
114,20221.0,DTLA,LAX
115,20354.0,LGB,LAX
116,20400.0,DTLA,LAX
117,20418.0,WDHL,LAX
118,20456.0,DTLA,LAX
119,20540.0,DTLA,LAX
120,20627.0,LGB,LAX
121,20659.0,HWD,LAX
122,20697.0,LGB,LAX
123,20752.0,LGB,LAX
124,20768.0,ANH,LAX
125,20784.0,ANH,LAX
126,20818.0,DTLA,LAX
127,20834.0,DTLA,LAX
128,20837.0,PSD,LAX
129,20852.0,BVH,LAX
130,20867.0,DTLA,LAX
131,20967.0,BVH,LAX
132,21102.0,BVH,LAX
133,21113.0,PSD,LAX
134,21224.0,PSD,LAX
135,21306.0,DTLA,LAX
136,21312.0,UVS,LAX
137,21326.0,UVS,LAX
138,21366.0,DTLA,LAX
139,21391.0,DTLA,LAX
140,21490.0,BVH,LAX
141,21503.0,ANH,LAX
142,21504.0,DTLA,LAX
143,21520.0,HWD,LAX
144,21604.0,WDHL,LAX
145,21636.0,ANH,LAX
146,21642.0,ANH,LAX
147,21742.0,WDHL,LAX
148,21788.0,BVH,LAX
149,21889.0,HWD,LAX
150,21980.0,DTLA,LAX
151,22137.0,HWD,LAX
152,22170.0,DTLA,LAX
153,22203.0,HWD,LAX
154,22376.0,ANH,LAX
155,22416.0,UVS,LAX
156,22429.0,PSD,LAX
157,22463.0,HWD,LAX
158,22466.0,ANH,LAX
159,22528.0,UVS,LAX
160,22554.0,DTLA,LAX
161,22592.0,UVS,LAX
162,22643.0,BVH,LAX
163,22654.0,ANH,LAX
164,22672.0,DTLA,LAX
165,22683.0,LGB,LAX
166,22715.0,PSD,LAX
167,22720.0,LGB,LAX
168,22853.0,UVS,LAX
169,23032.0,ANH,LAX
170,23042.0,ANH,LAX
171,23096.0,HWD,LAX
172,23101.0,LGB,LAX
173,23103.0,ANH,LAX
174,23154.0,HWD,LAX
175,23157.0,ANH,LAX
176,23176.0,HWD,LAX
177,23179.0,DTLA,LAX
178,23246.0,BVH,LAX
179,23306.0,ANH,LAX
180,23383.0,BVH,LAX
181,23426.0,UVS,LAX
182,23465.0,HWD,LAX
183,23480.0,HWD,LAX
184,23523.0,ANH,LAX
185,23562.0,ANH,LAX
186,23583.0,PSD,LAX
187,23593.0,HWD,LAX
188,23630.0,DTLA,LAX
189,23653.0,BVH,LAX
190,23698.0,HWD,LAX
191,23712.0,UVS,LAX
192,23721.0,LGB,LAX
193,23749.0,PSD,LAX
194,23843.0,HWD,LAX
195,23884.0,DTLA,LAX
196,23893.0,ANH,LAX
197,23901.0,DTLA,LAX
198,23983.0,LGB,LAX
199,24044.0,ANH,LAX
200,24052.0,ANH,LAX
201,24113.0,DTLA,LAX
202,24119.0,DTLA,LAX
203,24168.0,ANH,LAX
204,24171.0,ANH,LAX
205,24276.0,HWD,LAX
206,24293.0,DTLA,LAX
207,24312.0,ANH,LAX
208,24341.0,UVS,LAX
209,24367.0,HWD,LAX
210,24396.0,DTLA,LAX
211,24436.0,ANH,LAX
212,24485.0,DTLA,LAX
213,24610.0,BVH,LAX
214,24683.0,DTLA,LAX
215,24770.0,WDHL,LAX
216,24815.0,UVS,LAX
217,24818.0,DTLA,LAX
218,24908.0,HWD,LAX
219,24910.0,ANH,LAX
220,24990.0,LGB,LAX
221,24990.0,PSD,LAX
222,24997.0,DTLA,LAX
223,25012.0,DTLA,LAX
224,25024.0,ANH,LAX
225,25062.0,DTLA,LAX
226,25067.0,WDHL,LAX
227,25069.0,LGB,LAX
228,25086.0,LGB,LAX
229,25268.0,PSD,LAX
230,25313.0,DTLA,LAX
231,25333.0,ANH,LAX
232,25418.0,HWD,LAX
233,25438.0,UVS,LAX
234,25463.0,ANH,LAX
235,25642.0,ANH,LAX
236,25649.0,HWD,LAX
237,25895.0,LGB,LAX
238,26012.0,HWD,LAX
239,26052.0,ANH,LAX
240,26145.0,UVS,LAX
241,26172.0,ANH,LAX
242,26288.0,HWD,LAX
243,26289.0,PSD,LAX
244,26302.0,HWD,LAX
245,26306.0,DTLA,LAX
246,26341.0,DTLA,LAX
247,26373.0,LGB,LAX
248,26387.0,PSD,LAX
249,26420.0,WDHL,LAX
250,26423.0,LGB,LAX
251,26448.0,HWD,LAX
252,26487.0,PSD,LAX
253,26491.0,LGB,LAX
254,26502.0,ANH,LAX
255,26539.0,DTLA,LAX
256,26550.0,DTLA,LAX
257,26556.0,DTLA,LAX
258,26591.0,WDHL,LAX
259,26600.0,ANH,LAX
260,26633.0,ANH,LAX
261,26638.0,DTLA,LAX
262,26770.0,HWD,LAX
263,26792.0,UVS,LAX
264,26798.0,HWD,LAX
265,26816.0,DTLA,LAX
266,26817.0,WDHL,LAX
267,26870.0,LGB,LAX
268,26913.0,LGB,LAX
269,26958.0,LGB,LAX
270,26958.0,LGB,LAX
271,26997.0,PSD,LAX
272,27049.0,DTLA,LAX
273,27101.0,PSD,LAX
274,27190.0,ANH,LAX
275,27190.0,DTLA,LAX
276,27229.0,ANH,LAX
277,27345.0,BVH,LAX
278,27345.0,PSD,LAX
279,27386.0,HWD,LAX
280,27400.0,LGB,LAX
281,27489.0,ANH,LAX
282,27498.0,ANH,LAX
283,27563.0,ANH,LAX
284,27660.0,DTLA,LAX
285,27675.0,WDHL,LAX
286,27755.0,LGB,LAX
287,27790.0,DTLA,LAX
288,27805.0,PSD,LAX
289,28017.0,LGB,LAX
290,28200.0,HWD,LAX
291,28215.0,BVH,LAX
292,28238.0,ANH,LAX
293,28305.0,DTLA,LAX
294,28325.0,DTLA,LAX
295,28411.0,ANH,LAX
296,28453.0,HWD,LAX
297,28455.0,BVH,LAX
298,28557.0,PSD,LAX
299,28582.0,HWD,LAX
300,28682.0,BVH,LAX
301,28731.0,ANH,LAX
302,28731.0,BVH,LAX
303,28777.0,BVH,LAX
304,28799.0,ANH,LAX
305,28875.0,PSD,LAX
306,28879.0,DTLA,LAX
307,28940.0,DTLA,LAX
308,28976.0,DTLA,LAX
309,29026.0,UVS,LAX
310,29046.0,BVH,LAX
311,29051.0,LGB,LAX
312,29069.0,DTLA,LAX
313,29087.0,PSD,LAX
314,29117.0,LGB,LAX
315,29133.0,LGB,LAX
316,29136.0,ANH,LAX
317,29179.0,LGB,LAX
318,29199.0,BVH,LAX
319,29221.0,DTLA,LAX
320,29222.0,PSD,LAX
321,29420.0,DTLA,LAX
322,29441.0,LGB,LAX
323,29450.0,ANH,LAX
324,29541.0,ANH,LAX
325,29544.0,HWD,LAX
326,29620.0,LGB,LAX
327,29641.0,DTLA,LAX
328,29656.0,ANH,LAX
329,29657.0,HWD,LAX
330,29659.0,DTLA,LAX
331,29669.0,WDHL,LAX
332,29675.0,ANH,LAX
333,29769.0,DTLA,LAX
334,29777.0,HWD,LAX
335,29787.0,WDHL,LAX
336,29928.0,ANH,LAX
337,29964.0,ANH,LAX
338,30038.0,UVS,LAX
339,30160.0,ANH,LAX
340,30178.0,ANH,LAX
341,30290.0,HWD,LAX
342,30305.0,DTLA,LAX
343,30434.0,DTLA,LAX
344,30468.0,WDHL,LAX
345,30476.0,HWD,LAX
346,30569.0,DTLA,LAX
347,30602.0,PSD,LAX
348,30655.0,HWD,LAX
349,30664.0,DTLA,LAX
350,30669.0,ANH,LAX
351,30690.0,HWD,LAX
352,30702.0,DTLA,LAX
353,30775.0,LGB,LAX
354,30798.0,HWD,LAX
355,30820.0,HWD,LAX
356,30835.0,HWD,LAX
357,30915.0,DTLA,LAX
358,30938.0,DTLA,LAX
359,30992.0,DTLA,LAX
360,31001.0,BVH,LAX
361,31083.0,HWD,LAX
362,31101.0,ANH,LAX
363,31115.0,DTLA,LAX
364,31133.0,BVH,LAX
365,31172.0,UVS,LAX
366,31242.0,LGB,LAX
367,31299.0,DTLA,LAX
368,31367.0,BVH,LAX
369,31374.0,DTLA,LAX
370,31407.0,BVH,LAX
371,31423.0,PSD,LAX
372,31432.0,DTLA,LAX
373,31452.0,PSD,LAX
374,31482.0,DTLA,LAX
375,31536.0,PSD,LAX
376,31589.0,BVH,LAX
377,31613.0,DTLA,LAX
378,31683.0,ANH,LAX
379,31722.0,HWD,LAX
380,31780.0,HWD,LAX
381,31798.0,ANH,LAX
382,31807.0,ANH,LAX
383,31810.0,UVS,LAX
384,31820.0,PSD,LAX
385,31895.0,PSD,LAX
386,31904.0,PSD,LAX
387,32083.0,HWD,LAX
388,32104.0,ANH,LAX
389,32132.0,DTLA,LAX
390,32203.0,ANH,LAX
391,32246.0,LGB,LAX
392,32293.0,HWD,LAX
393,32323.0,UVS,LAX
394,32326.0,LGB,LAX
395,32358.0,DTLA,LAX
396,32381.0,ANH,LAX
397,32508.0,LGB,LAX
398,32510.0,DTLA,LAX
399,32787.0,HWD,LAX
400,32820.0,ANH,LAX
401,32823.0,ANH,LAX
402,32878.0,DTLA,LAX
403,32968.0,BVH,LAX
404,32998.0,ANH,LAX
405,33154.0,HWD,LAX
406,33169.0,PSD,LAX
407,33177.0,HWD,LAX
408,33187.0,HWD,LAX
409,33236.0,HWD,LAX
410,33241.0,BVH,LAX
411,33263.0,WDHL,LAX
412,33293.0,DTLA,LAX
413,33320.0,DTLA,LAX
414,33374.0,ANH,LAX
415,33402.0,LGB,LAX
416,33403.0,LGB,LAX
417,33408.0,ANH,LAX
418,33444.0,ANH,LAX
419,33446.0,LGB,LAX
420,33475.0,DTLA,LAX
421,33562.0,ANH,LAX
422,33624.0,DTLA,LAX
423,33711.0,DTLA,LAX
424,33822.0,HWD,LAX
425,33869.0,WDHL,LAX
426,33979.0,UVS,LAX
427,33996.0,DTLA,LAX
428,34013.0,DTLA,LAX
429,34018.0,DTLA,LAX
430,34048.0,HWD,LAX
431,34162.0,ANH,LAX
432,34188.0,DTLA,LAX
433,34197.0,WDHL,LAX
434,34206.0,UVS,LAX
435,34240.0,ANH,LAX
436,34244.0,HWD,LAX
437,34252.0,PSD,LAX
438,34352.0,LGB,LAX
439,34381.0,ANH,LAX
440,34414.0,DTLA,LAX
441,34452.0,ANH,LAX
442,34465.0,ANH,LAX
443,34482.0,ANH,LAX
444,34516.0,DTLA,LAX
445,34556.0,ANH,LAX
446,34558.0,DTLA,LAX
447,34566.0,ANH,LAX
448,34595.0,DTLA,LAX
449,34605.0,LGB,LAX
450,34605.0,DTLA,LAX
451,34645.0,LGB,LAX
452,34645.0,LGB,LAX
453,34667.0,DTLA,LAX
454,34722.0,BVH,LAX
455,34801.0,DTLA,LAX
456,34833.0,ANH,LAX
457,34850.0,WDHL,LAX
458,34914.0,ANH,LAX
459,34920.0,UVS,LAX
460,35008.0,HWD,LAX
461,35018.0,ANH,LAX
462,35021.0,LGB,LAX
463,35223.0,DTLA,LAX
464,35252.0,HWD,LAX
465,35346.0,UVS,LAX
466,35419.0,BVH,LAX
467,35509.0,WDHL,LAX
468,35538.0,BVH,LAX
469,35653.0,PSD,LAX
470,35705.0,HWD,LAX
471,35709.0,ANH,LAX
472,35800.0,LGB,LAX
473,35802.0,ANH,LAX
474,35843.0,LGB,LAX
475,35869.0,DTLA,LAX
476,35879.0,PSD,LAX
477,35894.0,DTLA,LAX
478,35901.0,ANH,LAX
479,35903.0,LGB,LAX
480,35927.0,LGB,LAX
481,35934.0,BVH,LAX
482,35953.0,BVH,LAX
483,35959.0,PSD,LAX
484,35981.0,LGB,LAX
485,35997.0,WDHL,LAX
486,36002.0,HWD,LAX
487,36013.0,ANH,LAX
488,36053.0,WDHL,LAX
489,36139.0,ANH,LAX
490,36166.0,LGB,LAX
491,36176.0,PSD,LAX
492,36188.0,LGB,LAX
493,36201.0,DTLA,LAX
494,36212.0,BVH,LAX
495,36229.0,HWD,LAX
496,36232.0,DTLA,LAX
497,36234.0,ANH,LAX
498,36259.0,PSD,LAX
499,36272.0,UVS,LAX
500,36319.0,ANH,LAX
501,36338.0,DTLA,LAX
502,36435.0,HWD,LAX
503,36453.0,HWD,LAX
504,36549.0,HWD,LAX
505,36583.0,LGB,LAX
506,36758.0,ANH,LAX
507,36804.0,BVH,LAX
508,36825.0,UVS,LAX
509,36850.0,BVH,LAX
510,36873.0,ANH,LAX
511,36874.0,ANH,LAX
512,36878.0,DTLA,LAX
513,36892.0,DTLA,LAX
514,36895.0,ANH,LAX
515,36910.0,ANH,LAX
516,36922.0,ANH,LAX
517,36925.0,ANH,LAX
518,36940.0,HWD,LAX
519,36974.0,UVS,LAX
520,37003.0,ANH,LAX
521,37077.0,HWD,LAX
522,37103.0,LGB,LAX
523,37133.0,PSD,LAX
524,37158.0,DTLA,LAX
525,37158.0,LGB,LAX
526,37209.0,LGB,LAX
527,37211.0,PSD,LAX
528,37227.0,PSD,LAX
529,37228.0,LGB,LAX
530,37246.0,LGB,LAX
531,37259.0,DTLA,LAX
532,37360.0,DTLA,LAX
533,37365.0,LGB,LAX
534,37370.0,ANH,LAX
535,37390.0,PSD,LAX
536,37410.0,PSD,LAX
537,37423.0,WDHL,LAX
538,37490.0,PSD,LAX
539,37504.0,BVH,LAX
540,37539.0,HWD,LAX
541,37548.0,PSD,LAX
542,37571.0,LGB,LAX
543,37606.0,WDHL,LAX
544,37640.0,ANH,LAX
545,37643.0,WDHL,LAX
546,37681.0,UVS,LAX
547,37731.0,DTLA,LAX
548,37763.0,HWD,LAX
549,37773.0,HWD,LAX
550,37802.0,LGB,LAX
551,37802.0,LGB,LAX
552,37816.0,LGB,LAX
553,37841.0,ANH,LAX
554,37873.0,DTLA,LAX
555,37901.0,DTLA,LAX
556,37910.0,ANH,LAX
557,37928.0,ANH,LAX
558,37932.0,HWD,LAX
559,38067.0,DTLA,LAX
560,38094.0,ANH,LAX
561,38119.0,HWD,LAX
562,38168.0,UVS,LAX
563,38259.0,HWD,LAX
564,38322.0,UVS,LAX
565,38325.0,ANH,LAX
566,38326.0,DTLA,LAX
567,38334.0,DTLA,LAX
568,38342.0,HWD,LAX
569,38342.0,ANH,LAX
570,38342.0,WDHL,LAX
571,38358.0,WDHL,LAX
572,38406.0,LGB,LAX
573,38458.0,ANH,LAX
574,38480.0,ANH,LAX
575,38523.0,BVH,LAX
576,38557.0,DTLA,LAX
577,38566.0,DTLA,LAX
578,38578.0,ANH,LAX
579,38707.0,ANH,LAX
580,38723.0,BVH,LAX
581,38786.0,HWD,LAX
582,38798.0,ANH,LAX
583,38800.0,DTLA,LAX
584,38852.0,ANH,LAX
585,38875.0,DTLA,LAX
586,38887.0,DTLA,LAX
587,38895.0,LGB,LAX
588,38900.0,DTLA,LAX
589,38908.0,HWD,LAX
590,38910.0,HWD,LAX
591,38914.0,HWD,LAX
592,38936.0,BVH,LAX
593,38938.0,DTLA,LAX
594,38942.0,UVS,LAX
595,38979.0,DTLA,LAX
596,38982.0,LGB,LAX
597,39065.0,DTLA,LAX
598,39132.0,ANH,LAX
599,39169.0,LGB,LAX
600,39170.0,DTLA,LAX
601,39220.0,ANH,LAX
602,39240.0,ANH,LAX
603,39306.0,PSD,LAX
604,39369.0,ANH,LAX
605,39403.0,WDHL,LAX
606,39429.0,WDHL,LAX
607,39442.0,DTLA,LAX
608,39544.0,BVH,LAX
609,39544.0,DTLA,LAX
610,39589.0,WDHL,LAX
611,39609.0,DTLA,LAX
612,39618.0,DTLA,LAX
613,39681.0,DTLA,LAX
614,39700.0,HWD,LAX
615,39739.0,DTLA,LAX
616,39854.0,ANH,LAX
617,39858.0,HWD,LAX
618,39872.0,ANH,LAX
619,39945.0,LGB,LAX
620,39965.0,WDHL,LAX
621,40020.0,DTLA,LAX
622,40061.0,HWD,LAX
623,40078.0,ANH,LAX
624,40112.0,WDHL,LAX
625,40126.0,DTLA,LAX
626,40159.0,LGB,LAX
627,40167.0,LGB,LAX
628,40170.0,UVS,LAX
629,40181.0,BVH,LAX
630,40188.0,ANH,LAX
631,40226.0,HWD,LAX
632,40231.0,LGB,LAX
633,40270.0,HWD,LAX
634,40312.0,ANH,LAX
635,40335.0,LGB,LAX
636,40415.0,HWD,LAX
637,40440.0,UVS,LAX
638,40513.0,HWD,LAX
639,40515.0,LGB,LAX
640,40542.0,BVH,LAX
641,40565.0,DTLA,LAX
642,40570.0,LGB,LAX
643,40580.0,UVS,LAX
644,40605.0,PSD,LAX
645,40610.0,ANH,LAX
646,40724.0,ANH,LAX
647,40784.0,BVH,LAX
648,40787.0,BVH,LAX
649,40801.0,ANH,LAX
650,40804.0,BVH,LAX
651,40825.0,UVS,LAX
652,40966.0,ANH,LAX
653,40977.0,HWD,LAX
654,41064.0,WDHL,LAX
655,41068.0,ANH,LAX
656,41103.0,ANH,LAX
657,41121.0,ANH,LAX
658,41122.0,UVS,LAX
659,41129.0,BVH,LAX
660,41162.0,ANH,LAX
661,41166.0,DTLA,LAX
662,41195.0,DTLA,LAX
663,41224.0,PSD,LAX
664,41230.0,LGB,LAX
665,41266.0,HWD,LAX
666,41309.0,DTLA,LAX
667,41321.0,PSD,LAX
668,41339.0,BVH,LAX
669,41473.0,HWD,LAX
670,41532.0,DTLA,LAX
671,41556.0,ANH,LAX
672,41692.0,HWD,LAX
673,41708.0,DTLA,LAX
674,41717.0,PSD,LAX
675,41728.0,DTLA,LAX
676,41777.0,DTLA,LAX
677,41857.0,DTLA,LAX
678,41896.0,ANH,LAX
679,41903.0,UVS,LAX
680,41949.0,PSD,LAX
681,41973.0,ANH,LAX
682,41978.0,DTLA,LAX
683,42016.0,ANH,LAX
684,42056.0,ANH,LAX
685,42067.0,DTLA,LAX
686,42130.0,PSD,LAX
687,42176.0,DTLA,LAX
688,42215.0,BVH,LAX
689,42263.0,DTLA,LAX
690,42287.0,HWD,LAX
691,42306.0,HWD,LAX
692,42325.0,BVH,LAX
693,42349.0,ANH,LAX
694,42369.0,LGB,LAX
695,42399.0,LGB,LAX
696,42442.0,HWD,LAX
697,42443.0,WDHL,LAX
698,42470.0,ANH,LAX
699,42472.0,LGB,LAX
700,42491.0,ANH,LAX
701,42548.0,ANH,LAX
702,42605.0,DTLA,LAX
703,42660.0,WDHL,LAX
704,42693.0,PSD,LAX
705,42694.0,BVH,LAX
706,42734.0,BVH,LAX
707,42748.0,ANH,LAX
708,42758.0,PSD,LAX
709,42780.0,HWD,LAX
710,42788.0,ANH,LAX
711,42793.0,DTLA,LAX
712,42800.0,LGB,LAX
713,42817.0,PSD,LAX
714,42825.0,ANH,LAX
715,42830.0,WDHL,LAX
716,42840.0,BVH,LAX
717,42854.0,DTLA,LAX
718,42886.0,ANH,LAX
719,42966.0,DTLA,LAX
720,43008.0,UVS,LAX
721,43069.0,DTLA,LAX
722,43088.0,ANH,LAX
723,43145.0,WDHL,LAX
724,43174.0,DTLA,LAX
725,43193.0,ANH,LAX
726,43265.0,UVS,LAX
727,43266.0,HWD,LAX
728,43278.0,ANH,LAX
729,43295.0,WDHL,LAX
730,43305.0,ANH,LAX
731,43356.0,ANH,LAX
732,43410.0,UVS,LAX
733,43432.0,ANH,LAX
734,43434.0,ANH,LAX
735,43499.0,UVS,LAX
736,43519.0,DTLA,LAX
737,43532.0,ANH,LAX
738,43545.0,HWD,LAX
739,43566.0,HWD,LAX
740,43618.0,DTLA,LAX
741,43733.0,BVH,LAX
742,43754.0,ANH,LAX
743,43757.0,PSD,LAX
744,43796.0,DTLA,LAX
745,43801.0,ANH,LAX
746,43807.0,DTLA,LAX
747,43812.0,WDHL,LAX
748,43841.0,WDHL,LAX
749,43843.0,LGB,LAX
750,43896.0,BVH,LAX
751,43963.0,BVH,LAX
752,44013.0,ANH,LAX
753,44064.0,PSD,LAX
754,44104.0,HWD,LAX
755,44180.0,ANH,LAX
756,44199.0,LGB,LAX
757,44200.0,ANH,LAX
758,44206.0,DTLA,LAX
759,44291.0,UVS,LAX
760,44407.0,PSD,LAX
761,44412.0,DTLA,LAX
762,44467.0,DTLA,LAX
763,44547.0,ANH,LAX
764,44552.0,HWD,LAX
765,44555.0,PSD,LAX
766,44603.0,HWD,LAX
767,44668.0,BVH,LAX
768,44889.0,HWD,LAX
769,44911.0,DTLA,LAX
770,45062.0,PSD,LAX
771,45117.0,ANH,LAX
772,45134.0,LGB,LAX
773,45159.0,DTLA,LAX
774,45176.0,UVS,LAX
775,45222.0,UVS,LAX
776,45299.0,ANH,LAX
777,45323.0,BVH,LAX
778,45326.0,BVH,LAX
779,45334.0,ANH,LAX
780,45336.0,DTLA,LAX
781,45458.0,DTLA,LAX
782,45588.0,ANH,LAX
783,45609.0,PSD,LAX
784,45672.0,BVH,LAX
785,45696.0,ANH,LAX
786,45697.0,PSD,LAX
787,45751.0,PSD,LAX
788,45767.0,ANH,LAX
789,45849.0,HWD,LAX
790,45867.0,PSD,LAX
791,45874.0,ANH,LAX
792,45972.0,PSD,LAX
793,45973.0,DTLA,LAX
794,45985.0,DTLA,LAX
795,46008.0,UVS,LAX
796,46066.0,DTLA,LAX
797,46103.0,HWD,LAX
798,46122.0,LGB,LAX
799,46153.0,DTLA,LAX
800,46170.0,DTLA,LAX
801,46186.0,LGB,LAX
802,46221.0,HWD,LAX
803,46245.0,BVH,LAX
804,46269.0,ANH,LAX
805,46269.0,PSD,LAX
806,46314.0,BVH,LAX
807,46336.0,HWD,LAX
808,46350.0,LGB,LAX
809,46358.0,HWD,LAX
810,46386.0,DTLA,LAX
811,46418.0,LGB,LAX
812,46442.0,HWD,LAX
813,46470.0,DTLA,LAX
814,46482.0,DTLA,LAX
815,46496.0,HWD,LAX
816,46503.0,HWD,LAX
817,46608.0,HWD,LAX
818,46675.0,PSD,LAX
819,46732.0,DTLA,LAX
820,46761.0,LGB,LAX
821,46762.0,DTLA,LAX
822,46795.0,HWD,LAX
823,46812.0,BVH,LAX
824,46822.0,PSD,LAX
825,46824.0,DTLA,LAX
826,46860.0,WDHL,LAX
827,46914.0,DTLA,LAX
828,46937.0,PSD,LAX
829,46955.0,ANH,LAX
830,46958.0,UVS,LAX
831,46963.0,DTLA,LAX
832,46967.0,DTLA,LAX
833,46969.0,PSD,LAX
834,47009.0,HWD,LAX
835,47010.0,DTLA,LAX
836,47040.0,PSD,LAX
837,47091.0,UVS,LAX
838,47127.0,DTLA,LAX
839,47186.0,ANH,LAX
840,47231.0,ANH,LAX
841,47262.0,BVH,LAX
842,47270.0,DTLA,LAX
843,47320.0,ANH,LAX
844,47346.0,LGB,LAX
845,47353.0,ANH,LAX
846,47364.0,HWD,LAX
847,47387.0,LGB,LAX
848,47403.0,ANH,LAX
849,47407.0,ANH,LAX
850,47433.0,LGB,LAX
851,47562.0,UVS,LAX
852,47569.0,ANH,LAX
853,47616.0,LGB,LAX
854,47644.0,PSD,LAX
855,47651.0,HWD,LAX
856,47653.0,DTLA,LAX
857,47700.0,DTLA,LAX
858,47730.0,UVS,LAX
859,47751.0,HWD,LAX
860,47804.0,HWD,LAX
861,47811.0,DTLA,LAX
862,47817.0,BVH,LAX
863,47849.0,WDHL,LAX
864,47850.0,ANH,LAX
865,47855.0,PSD,LAX
866,47888.0,ANH,LAX
867,47889.0,PSD,LAX
868,47949.0,UVS,LAX
869,47977.0,DTLA,LAX
870,47985.0,LGB,LAX
871,47998.0,BVH,LAX
872,48108.0,HWD,LAX
873,48127.0,PSD,LAX
874,48174.0,ANH,LAX
875,48180.0,PSD,LAX
876,48192.0,UVS,LAX
877,48311.0,DTLA,LAX
878,48324.0,BVH,LAX
879,48350.0,PSD,LAX
880,48378.0,DTLA,LAX
881,48384.0,DTLA,LAX
882,48393.0,ANH,LAX
883,48394.0,UVS,LAX
884,48414.0,DTLA,LAX
885,48422.0,UVS,LAX
886,48445.0,LGB,LAX
887,48468.0,DTLA,LAX
888,48566.0,ANH,LAX
889,48586.0,WDHL,LAX
890,48631.0,LGB,LAX
891,48810.0,ANH,LAX
892,48855.0,DTLA,LAX
893,48923.0,UVS,LAX
894,48951.0,HWD,LAX
895,48956.0,DTLA,LAX
896,48984.0,LGB,LAX
897,48993.0,LGB,LAX
898,48996.0,BVH,LAX
899,49013.0,DTLA,LAX
900,49101.0,PSD,LAX
901,49150.0,ANH,LAX
902,49198.0,ANH,LAX
903,49217.0,ANH,LAX
904,49222.0,HWD,LAX
905,49225.0,ANH,LAX
906,49236.0,HWD,LAX
907,49262.0,UVS,LAX
908,49263.0,ANH,LAX
909,49269.0,DTLA,LAX
910,49290.0,UVS,LAX
911,49372.0,HWD,LAX
912,49386.0,HWD,LAX
913,49405.0,PSD,LAX
914,49406.0,LGB,LAX
915,49512.0,DTLA,LAX
916,49559.0,HWD,LAX
917,49612.0,HWD,LAX
918,49617.0,DTLA,LAX
919,49635.0,ANH,LAX
920,49637.0,WDHL,LAX
921,49660.0,UVS,LAX
922,49776.0,DTLA,LAX
923,49828.0,UVS,LAX
924,49844.0,BVH,LAX
925,49848.0,PSD,LAX
926,49890.0,ANH,LAX
927,49908.0,PSD,LAX
928,49968.0,HWD,LAX
929,49975.0,DTLA,LAX
930,50050.0,HWD,LAX
931,50066.0,ANH,LAX
932,50105.0,HWD,LAX
933,50111.0,DTLA,LAX
934,50179.0,BVH,LAX
935,50220.0,DTLA,LAX
936,50257.0,DTLA,LAX
937,50338.0,LGB,LAX
938,50365.0,DTLA,LAX
939,50370.0,UVS,LAX
940,50433.0,WDHL,LAX
941,50438.0,ANH,LAX
942,50546.0,HWD,LAX
943,50619.0,PSD,LAX
944,50637.0,PSD,LAX
945,50640.0,HWD,LAX
946,50693.0,ANH,LAX
947,50732.0,BVH,LAX
948,50736.0,ANH,LAX
949,50753.0,DTLA,LAX
950,50784.0,HWD,LAX
951,50850.0,LGB,LAX
952,50853.0,DTLA,LAX
953,50901.0,DTLA,LAX
954,50923.0,ANH,LAX
955,50932.0,WDHL,LAX
956,50953.0,DTLA,LAX
957,50983.0,BVH,LAX
958,50986.0,ANH,LAX
959,50997.0,WDHL,LAX
960,51008.0,BVH,LAX
961,51065.0,PSD,LAX
962,51078.0,ANH,LAX
963,51115.0,DTLA,LAX
964,51169.0,DTLA,LAX
965,51274.0,DTLA,LAX
966,51295.0,PSD,LAX
967,51317.0,ANH,LAX
968,51334.0,LGB,LAX
969,51369.0,UVS,LAX
970,51379.0,ANH,LAX
971,51380.0,HWD,LAX
972,51413.0,DTLA,LAX
973,51417.0,DTLA,LAX
974,51425.0,PSD,LAX
975,51504.0,LGB,LAX
976,51505.0,ANH,LAX
977,51603.0,LGB,LAX
978,51623.0,UVS,LAX
979,51683.0,HWD,LAX
980,51691.0,ANH,LAX
981,51751.0,UVS,LAX
982,51863.0,ANH,LAX
983,51900.0,PSD,LAX
984,51970.0,DTLA,LAX
985,51979.0,DTLA,LAX
986,52047.0,ANH,LAX
987,52107.0,HWD,LAX
988,52114.0,BVH,LAX
989,52148.0,HWD,LAX
990,52205.0,BVH,LAX
991,52205.0,ANH,LAX
992,52253.0,DTLA,LAX
993,52360.0,PSD,LAX
994,52373.0,DTLA,LAX
995,52395.0,LGB,LAX
996,52478.0,DTLA,LAX
997,52519.0,HWD,LAX
998,52534.0,HWD,LAX
999,52537.0,HWD,LAX
1000,52537.0,DTLA,LAX
1001,52564.0,BVH,LAX
1002,52572.0,BVH,LAX
1003,52590.0,DTLA,LAX
1004,52609.0,WDHL,LAX
1005,52661.0,ANH,LAX
1006,52683.0,ANH,LAX
1007,52693.0,ANH,LAX
1008,52751.0,BVH,LAX
1009,52877.0,ANH,LAX
1010,52901.0,BVH,LAX
1011,52929.0,HWD,LAX
1012,52959.0,ANH,LAX
1013,52974.0,PSD,LAX
1014,52985.0,HWD,LAX
1015,53009.0,LGB,LAX
1016,53034.0,DTLA,LAX
1017,53051.0,ANH,LAX
1018,53061.0,DTLA,LAX
1019,53092.0,DTLA,LAX
1020,53101.0,WDHL,LAX
1021,53106.0,LGB,LAX
1022,53149.0,LGB,LAX
1023,53169.0,DTLA,LAX
1024,53180.0,PSD,LAX
1025,53195.0,HWD,LAX
1026,53199.0,DTLA,LAX
1027,53288.0,ANH,LAX
1028,53308.0,DTLA,LAX
1029,53330.0,HWD,LAX
1030,53454.0,HWD,LAX
1031,53463.0,UVS,LAX
1032,53510.0,UVS,LAX
1033,53521.0,HWD,LAX
1034,53525.0,LGB,LAX
1035,53569.0,BVH,LAX
1036,53594.0,ANH,LAX
1037,53647.0,PSD,LAX
1038,53674.0,ANH,LAX
1039,53703.0,DTLA,LAX
1040,53715.0,DTLA,LAX
1041,53728.0,LGB,LAX
1042,53755.0,DTLA,LAX
1043,53758.0,WDHL,LAX
1044,53814.0,BVH,LAX
1045,53834.0,WDHL,LAX
1046,53857.0,LGB,LAX
1047,53962.0,ANH,LAX
1048,54001.0,HWD,LAX
1049,54004.0,HWD,LAX
1050,54024.0,DTLA,LAX
1051,54025.0,BVH,LAX
1052,54040.0,LGB,LAX
1053,54058.0,ANH,LAX
1054,54095.0,HWD,LAX
1055,54127.0,HWD,LAX
1056,54128.0,UVS,LAX
1057,54131.0,WDHL,LAX
1058,54161.0,LGB,LAX
1059,54273.0,BVH,LAX
1060,54292.0,LGB,LAX
1061,54370.0,ANH,LAX
1062,54394.0,LGB,LAX
1063,54419.0,ANH,LAX
1064,54433.0,PSD,LAX
1065,54449.0,LGB,LAX
1066,54480.0,DTLA,LAX
1067,54483.0,DTLA,LAX
1068,54638.0,HWD,LAX
1069,54671.0,LGB,LAX
1070,54681.0,BVH,LAX
1071,54699.0,ANH,LAX
1072,54701.0,DTLA,LAX
1073,54725.0,HWD,LAX
1074,54733.0,DTLA,LAX
1075,54928.0,WDHL,LAX
1076,54952.0,LGB,LAX
1077,55001.0,WDHL,LAX
1078,55018.0,LGB,LAX
1079,55021.0,PSD,LAX
1080,55127.0,PSD,LAX
1081,55130.0,DTLA,LAX
1082,55151.0,WDHL,LAX
1083,55168.0,DTLA,LAX
1084,55297.0,WDHL,LAX
1085,55324.0,HWD,LAX
1086,55331.0,WDHL,LAX
1087,55400.0,BVH,LAX
1088,55424.0,ANH,LAX
1089,55466.0,ANH,LAX
1090,55467.0,WDHL,LAX
1091,55470.0,ANH,LAX
1092,55515.0,LGB,LAX
1093,55517.0,ANH,LAX
1094,55597.0,WDHL,LAX
1095,55714.0,DTLA,LAX
1096,55812.0,DTLA,LAX
1097,55841.0,LGB,LAX
1098,55940.0,ANH,LAX
1099,55959.0,ANH,LAX
1100,56006.0,PSD,LAX
1101,56019.0,DTLA,LAX
1102,56112.0,ANH,LAX
1103,56149.0,DTLA,LAX
1104,56173.0,PSD,LAX
1105,56209.0,ANH,LAX
1106,56265.0,UVS,LAX
1107,56271.0,ANH,LAX
1108,56293.0,ANH,LAX
1109,56399.0,BVH,LAX
1110,56407.0,WDHL,LAX
1111,56481.0,LGB,LAX
1112,56513.0,HWD,LAX
1113,56532.0,LGB,LAX
1114,56621.0,UVS,LAX
1115,56647.0,UVS,LAX
1116,56667.0,DTLA,LAX
1117,56704.0,HWD,LAX
1118,56784.0,DTLA,LAX
1119,56793.0,HWD,LAX
1120,56824.0,PSD,LAX
1121,56836.0,PSD,LAX
1122,56845.0,ANH,LAX
1123,56866.0,BVH,LAX
1124,56886.0,HWD,LAX
1125,56897.0,DTLA,LAX
1126,56936.0,LGB,LAX
1127,56964.0,LGB,LAX
1128,57042.0,BVH,LAX
1129,57071.0,LGB,LAX
1130,57178.0,DTLA,LAX
1131,57208.0,HWD,LAX
1132,57286.0,WDHL,LAX
1133,57297.0,ANH,LAX
1134,57365.0,BVH,LAX
1135,57415.0,DTLA,LAX
1136,57447.0,HWD,LAX
1137,57564.0,LGB,LAX
1138,57567.0,ANH,LAX
1139,57682.0,HWD,LAX
1140,57731.0,PSD,LAX
1141,57731.0,HWD,LAX
1142,57733.0,PSD,LAX
1143,57796.0,DTLA,LAX
1144,57836.0,BVH,LAX
1145,57844.0,BVH,LAX
1146,57846.0,BVH,LAX
1147,57862.0,LGB,LAX
1148,57897.0,DTLA,LAX
1149,57972.0,HWD,LAX
1150,58007.0,ANH,LAX
1151,58213.0,PSD,LAX
1152,58292.0,WDHL,LAX
1153,58296.0,DTLA,LAX
1154,58298.0,WDHL,LAX
1155,58333.0,DTLA,LAX
1156,58341.0,ANH,LAX
1157,58349.0,DTLA,LAX
1158,58407.0,DTLA,LAX
1159,58414.0,ANH,LAX
1160,58456.0,ANH,LAX
1161,58512.0,LGB,LAX
1162,58610.0,HWD,LAX
1163,58625.0,ANH,LAX
1164,58680.0,BVH,LAX
1165,58754.0,DTLA,LAX
1166,58757.0,HWD,LAX
1167,58762.0,DTLA,LAX
1168,58794.0,DTLA,LAX
1169,58900.0,ANH,LAX
1170,58957.0,LGB,LAX
1171,59124.0,WDHL,LAX
1172,59151.0,ANH,LAX
1173,59156.0,LGB,LAX
1174,59184.0,ANH,LAX
1175,59296.0,HWD,LAX
1176,59341.0,PSD,LAX
1177,59345.0,BVH,LAX
1178,59388.0,HWD,LAX
1179,59415.0,LGB,LAX
1180,59438.0,ANH,LAX
1181,59459.0,PSD,LAX
1182,59587.0,HWD,LAX
1183,59626.0,LGB,LAX
1184,59664.0,DTLA,LAX
1185,59667.0,HWD,LAX
1186,59683.0,DTLA,LAX
1187,59782.0,BVH,LAX
1188,59791.0,ANH,LAX
1189,59820.0,DTLA,LAX
1190,59829.0,ANH,LAX
1191,59925.0,DTLA,LAX
1192,60004.0,LGB,LAX
1193,60060.0,HWD,LAX
1194,60106.0,HWD,LAX
1195,60366.0,WDHL,LAX
1196,60396.0,ANH,LAX
1197,60415.0,ANH,LAX
1198,60431.0,ANH,LAX
1199,60444.0,DTLA,LAX
1200,60479.0,DTLA,LAX
1201,60526.0,ANH,LAX
1202,60572.0,LGB,LAX
1203,60581.0,BVH,LAX
1204,60585.0,DTLA,LAX
1205,60704.0,WDHL,LAX
1206,60724.0,BVH,LAX
1207,60744.0,BVH,LAX
1208,60771.0,DTLA,LAX
1209,60797.0,ANH,LAX
1210,60848.0,DTLA,LAX
1211,60858.0,DTLA,LAX
1212,60873.0,HWD,LAX
1213,60902.0,WDHL,LAX
1214,60916.0,PSD,LAX
1215,60936.0,DTLA,LAX
1216,60978.0,PSD,LAX
1217,61024.0,HWD,LAX
1218,61061.0,LGB,LAX
1219,61112.0,LGB,LAX
1220,61209.0,HWD,LAX
1221,61355.0,DTLA,LAX
1222,61365.0,HWD,LAX
1223,61375.0,LGB,LAX
1224,61390.0,ANH,LAX
1225,61400.0,ANH,LAX
1226,61443.0,HWD,LAX
1227,61558.0,ANH,LAX
1228,61605.0,WDHL,LAX
1229,61627.0,DTLA,LAX
1230,61632.0,DTLA,LAX
1231,61654.0,HWD,LAX
1232,61731.0,ANH,LAX
1233,61791.0,DTLA,LAX
1234,61805.0,ANH,LAX
1235,61828.0,ANH,LAX
1236,61875.0,ANH,LAX
1237,61968.0,PSD,LAX
1238,62040.0,ANH,LAX
1239,62073.0,ANH,LAX
1240,62081.0,HWD,LAX
1241,62136.0,HWD,LAX
1242,62149.0,LGB,LAX
1243,62216.0,PSD,LAX
1244,62223.0,ANH,LAX
1245,62309.0,ANH,LAX
1246,62415.0,PSD,LAX
1247,62434.0,HWD,LAX
1248,62437.0,BVH,LAX
1249,62466.0,ANH,LAX
1250,62472.0,WDHL,LAX
1251,62597.0,DTLA,LAX
1252,62610.0,ANH,LAX
1253,62662.0,ANH,LAX
1254,62673.0,DTLA,LAX
1255,62677.0,HWD,LAX
1256,62689.0,DTLA,LAX
1257,62701.0,UVS,LAX
1258,62764.0,ANH,LAX
1259,62803.0,HWD,LAX
1260,62822.0,ANH,LAX
1261,62941.0,PSD,LAX
1262,63003.0,ANH,LAX
1263,63096.0,HWD,LAX
1264,63107.0,LGB,LAX
1265,63169.0,HWD,LAX
1266,63173.0,ANH,LAX
1267,63215.0,ANH,LAX
1268,63248.0,DTLA,LAX
1269,63285.0,ANH,LAX
1270,63301.0,BVH,LAX
1271,63341.0,HWD,LAX
1272,63399.0,BVH,LAX
1273,63452.0,ANH,LAX
1274,63453.0,BVH,LAX
1275,63493.0,BVH,LAX
1276,63584.0,LGB,LAX
1277,63630.0,DTLA,LAX
1278,63742.0,DTLA,LAX
1279,63801.0,PSD,LAX
1280,63815.0,DTLA,LAX
1281,63849.0,HWD,LAX
1282,63851.0,UVS,LAX
1283,63984.0,UVS,LAX
1284,64077.0,PSD,LAX
1285,64196.0,DTLA,LAX
1286,64265.0,DTLA,LAX
1287,64284.0,HWD,LAX
1288,64287.0,BVH,LAX
1289,64461.0,ANH,LAX
1290,64490.0,ANH,LAX
1291,64500.0,DTLA,LAX
1292,64542.0,ANH,LAX
1293,64543.0,PSD,LAX
1294,64557.0,WDHL,LAX
1295,64570.0,ANH,LAX
1296,64609.0,DTLA,LAX
1297,64652.0,PSD,LAX
1298,64654.0,UVS,LAX
1299,64695.0,HWD,LAX
1300,64754.0,ANH,LAX
1301,64921.0,ANH,LAX
1302,64933.0,LGB,LAX
1303,65022.0,PSD,LAX
1304,65043.0,LGB,LAX
1305,65085.0,HWD,LAX
1306,65165.0,PSD,LAX
1307,65188.0,LGB,LAX
1308,65268.0,PSD,LAX
1309,65325.0,HWD,LAX
1310,65372.0,LGB,LAX
1311,65385.0,BVH,LAX
1312,65434.0,PSD,LAX
1313,65500.0,DTLA,LAX
1314,65536.0,DTLA,LAX
1315,65546.0,BVH,LAX
1316,65562.0,HWD,LAX
1317,65579.0,ANH,LAX
1318,65587.0,PSD,LAX
1319,65809.0,HWD,LAX
1320,65859.0,DTLA,LAX
1321,65867.0,DTLA,LAX
1322,66010.0,PSD,LAX
1323,66040.0,ANH,LAX
1324,66065.0,DTLA,LAX
1325,66084.0,DTLA,LAX
1326,66125.0,BVH,LAX
1327,66228.0,LGB,LAX
1328,66319.0,DTLA,LAX
1329,66347.0,LGB,LAX
1330,66370.0,UVS,LAX
1331,66375.0,ANH,LAX
1332,66406.0,ANH,LAX
1333,66491.0,LGB,LAX
1334,66521.0,ANH,LAX
1335,66560.0,DTLA,LAX
1336,66605.0,ANH,LAX
1337,66667.0,WDHL,LAX
1338,66737.0,LGB,LAX
1339,66780.0,ANH,LAX
1340,66876.0,BVH,LAX
1341,66885.0,BVH,LAX
1342,66977.0,WDHL,LAX
1343,67016.0,LGB,LAX
1344,67221.0,ANH,LAX
1345,67269.0,ANH,LAX
1346,67322.0,ANH,LAX
1347,67365.0,DTLA,LAX
1348,67390.0,HWD,LAX
1349,67420.0,HWD,LAX
1350,67495.0,PSD,LAX
1351,67599.0,DTLA,LAX
1352,67610.0,ANH,LAX
1353,67667.0,DTLA,LAX
1354,67744.0,UVS,LAX
1355,67856.0,DTLA,LAX
1356,68091.0,LGB,LAX
1357,68131.0,BVH,LAX
1358,68176.0,LGB,LAX
1359,68178.0,ANH,LAX
1360,68200.0,UVS,LAX
1361,68209.0,WDHL,LAX
1362,68227.0,PSD,LAX
1363,68237.0,WDHL,LAX
1364,68252.0,DTLA,LAX
1365,68412.0,DTLA,LAX
1366,68423.0,BVH,LAX
1367,68433.0,ANH,LAX
1368,68457.0,BVH,LAX
1369,68466.0,PSD,LAX
1370,68548.0,UVS,LAX
1371,68631.0,HWD,LAX
1372,68640.0,ANH,LAX
1373,68704.0,DTLA,LAX
1374,68723.0,BVH,LAX
1375,68747.0,WDHL,LAX
1376,68797.0,DTLA,LAX
1377,68804.0,ANH,LAX
1378,68826.0,WDHL,LAX
1379,68847.0,LGB,LAX
1380,68854.0,LGB,LAX
1381,69116.0,HWD,LAX
1382,69134.0,DTLA,LAX
1383,69151.0,WDHL,LAX
1384,69179.0,ANH,LAX
1385,69185.0,ANH,LAX
1386,69252.0,DTLA,LAX
1387,69265.0,DTLA,LAX
1388,69277.0,ANH,LAX
1389,69292.0,HWD,LAX
1390,69339.0,PSD,LAX
1391,69356.0,ANH,LAX
1392,69528.0,HWD,LAX
1393,69545.0,WDHL,LAX
1394,69565.0,DTLA,LAX
1395,69601.0,HWD,LAX
1396,69654.0,DTLA,LAX
1397,69659.0,HWD,LAX
1398,69676.0,ANH,LAX
1399,69679.0,ANH,LAX
1400,69708.0,DTLA,LAX
1401,69776.0,DTLA,LAX
1402,69780.0,DTLA,LAX
1403,69823.0,BVH,LAX
1404,69827.0,UVS,LAX
1405,69923.0,UVS,LAX
1406,69931.0,PSD,LAX
1407,69963.0,HWD,LAX
1408,69996.0,PSD,LAX
1409,70026.0,DTLA,LAX
1410,70036.0,BVH,LAX
1411,70053.0,PSD,LAX
1412,70072.0,PSD,LAX
1413,70095.0,DTLA,LAX
1414,70165.0,ANH,LAX
1415,70202.0,DTLA,LAX
1416,70301.0,UVS,LAX
1417,70357.0,WDHL,LAX
1418,70388.0,ANH,LAX
1419,70389.0,ANH,LAX
1420,70425.0,ANH,LAX
1421,70441.0,DTLA,LAX
1422,70508.0,BVH,LAX
1423,70550.0,HWD,LAX
1424,70579.0,DTLA,LAX
1425,70652.0,LGB,LAX
1426,70666.0,ANH,LAX
1427,70681.0,UVS,LAX
1428,70687.0,BVH,LAX
1429,70739.0,HWD,LAX
1430,70902.0,DTLA,LAX
1431,70953.0,DTLA,LAX
1432,71109.0,UVS,LAX
1433,71149.0,BVH,LAX
1434,71191.0,DTLA,LAX
1435,71197.0,LGB,LAX
1436,71205.0,ANH,LAX
1437,71319.0,HWD,LAX
1438,71320.0,DTLA,LAX
1439,71340.0,HWD,LAX
1440,71344.0,HWD,LAX
1441,71366.0,DTLA,LAX
1442,71373.0,LGB,LAX
1443,71378.0,UVS,LAX
1444,71433.0,ANH,LAX
1445,71433.0,ANH,LAX
1446,71450.0,UVS,LAX
1447,71470.0,LGB,LAX
1448,71614.0,UVS,LAX
1449,71617.0,HWD,LAX
1450,71647.0,DTLA,LAX
1451,71655.0,LGB,LAX
1452,71679.0,BVH,LAX
1453,71733.0,LGB,LAX
1454,71750.0,DTLA,LAX
1455,71761.0,ANH,LAX
1456,71833.0,HWD,LAX
1457,71866.0,ANH,LAX
1458,71870.0,PSD,LAX
1459,71875.0,HWD,LAX
1460,71939.0,DTLA,LAX
1461,71948.0,UVS,LAX
1462,71960.0,PSD,LAX
1463,71997.0,ANH,LAX
1464,72013.0,WDHL,LAX
1465,72039.0,HWD,LAX
1466,72063.0,HWD,LAX
1467,72121.0,ANH,LAX
1468,72125.0,ANH,LAX
1469,72196.0,ANH,LAX
1470,72256.0,PSD,LAX
1471,72260.0,HWD,LAX
1472,72281.0,LGB,LAX
1473,72377.0,LGB,LAX
1474,72420.0,PSD,LAX
1475,72432.0,LGB,LAX
1476,72449.0,DTLA,LAX
1477,72481.0,LGB,LAX
1478,72601.0,DTLA,LAX
1479,72661.0,LGB,LAX
1480,72686.0,LGB,LAX
1481,72706.0,HWD,LAX
1482,72768.0,ANH,LAX
1483,72803.0,DTLA,LAX
1484,72808.0,DTLA,LAX
1485,72872.0,LGB,LAX
1486,72882.0,PSD,LAX
1487,72884.0,ANH,LAX
1488,73002.0,ANH,LAX
1489,73061.0,LGB,LAX
1490,73094.0,ANH,LAX
1491,73118.0,HWD,LAX
1492,73144.0,UVS,LAX
1493,73224.0,BVH,LAX
1494,73297.0,HWD,LAX
1495,73301.0,WDHL,LAX
1496,73329.0,DTLA,LAX
1497,73374.0,WDHL,LAX
1498,73377.0,DTLA,LAX
1499,73388.0,PSD,LAX
1500,73501.0,LGB,LAX
1501,73516.0,ANH,LAX
1502,73530.0,ANH,LAX
1503,73531.0,DTLA,LAX
1504,73548.0,PSD,LAX
1505,73559.0,LGB,LAX
1506,73618.0,ANH,LAX
1507,73637.0,BVH,LAX
1508,73700.0,WDHL,LAX
1509,73718.0,DTLA,LAX
1510,73826.0,LGB,LAX
1511,73886.0,HWD,LAX
1512,73919.0,DTLA,LAX
1513,73997.0,DTLA,LAX
1514,74000.0,HWD,LAX
1515,74016.0,DTLA,LAX
1516,74017.0,LGB,LAX
1517,74031.0,PSD,LAX
1518,74040.0,PSD,LAX
1519,74089.0,BVH,LAX
1520,74115.0,DTLA,LAX
1521,74125.0,LGB,LAX
1522,74179.0,ANH,LAX
1523,74237.0,ANH,LAX
1524,74238.0,LGB,LAX
1525,74257.0,LGB,LAX
1526,74286.0,DTLA,LAX
1527,74292.0,WDHL,LAX
1528,74302.0,PSD,LAX
1529,74324.0,ANH,LAX
1530,74342.0,BVH,LAX
1531,74373.0,HWD,LAX
1532,74384.0,HWD,LAX
1533,74422.0,WDHL,LAX
1534,74490.0,HWD,LAX
1535,74492.0,HWD,LAX
1536,74521.0,LGB,LAX
1537,74534.0,HWD,LAX
1538,74568.0,UVS,LAX
1539,74604.0,DTLA,LAX
1540,74622.0,HWD,LAX
1541,74646.0,BVH,LAX
1542,74710.0,DTLA,LAX
1543,74744.0,ANH,LAX
1544,74748.0,ANH,LAX
1545,74837.0,HWD,LAX
1546,74846.0,HWD,LAX
1547,74847.0,DTLA,LAX
1548,74994.0,HWD,LAX
1549,75053.0,ANH,LAX
1550,75084.0,WDHL,LAX
1551,75167.0,HWD,LAX
1552,75170.0,ANH,LAX
1553,75228.0,PSD,LAX
1554,75271.0,PSD,LAX
1555,75307.0,UVS,LAX
1556,75370.0,PSD,LAX
1557,75386.0,WDHL,LAX
1558,75397.0,DTLA,LAX
1559,75439.0,LGB,LAX
1560,75492.0,ANH,LAX
1561,75549.0,ANH,LAX
1562,75581.0,HWD,LAX
1563,75585.0,HWD,LAX
1564,75588.0,HWD,LAX
1565,75612.0,HWD,LAX
1566,75640.0,WDHL,LAX
1567,75727.0,LGB,LAX
1568,75745.0,WDHL,LAX
1569,75795.0,HWD,LAX
1570,75848.0,ANH,LAX
1571,75921.0,LGB,LAX
1572,75946.0,LGB,LAX
1573,75990.0,PSD,LAX
1574,76004.0,BVH,LAX
1575,76022.0,DTLA,LAX
1576,76029.0,ANH,LAX
1577,76033.0,ANH,LAX
1578,76155.0,DTLA,LAX
1579,76180.0,DTLA,LAX
1580,76261.0,ANH,LAX
1581,76263.0,HWD,LAX
1582,76308.0,ANH,LAX
1583,76341.0,HWD,LAX
1584,76416.0,WDHL,LAX
1585,76445.0,HWD,LAX
1586,76493.0,DTLA,LAX
1587,76506.0,WDHL,LAX
1588,76522.0,ANH,LAX
1589,76574.0,LGB,LAX
1590,76607.0,DTLA,LAX
1591,76723.0,LGB,LAX
1592,76791.0,BVH,LAX
1593,76802.0,DTLA,LAX
1594,76886.0,ANH,LAX
1595,76951.0,WDHL,LAX
1596,77006.0,WDHL,LAX
1597,77105.0,ANH,LAX
1598,77107.0,UVS,LAX
1599,77251.0,DTLA,LAX
1600,77264.0,ANH,LAX
1601,77280.0,HWD,LAX
1602,77283.0,PSD,LAX
1603,77295.0,DTLA,LAX
1604,77355.0,HWD,LAX
1605,77362.0,ANH,LAX
1606,77365.0,PSD,LAX
1607,77382.0,LGB,LAX
1608,77442.0,ANH,LAX
1609,77462.0,DTLA,LAX
1610,77503.0,HWD,LAX
1611,77511.0,WDHL,LAX
1612,77539.0,DTLA,LAX
1613,77549.0,LGB,LAX
1614,77551.0,UVS,LAX
1615,77561.0,UVS,LAX
1616,77587.0,LGB,LAX
1617,77589.0,LGB,LAX
1618,77607.0,DTLA,LAX
1619,77910.0,LGB,LAX
1620,78055.0,BVH,LAX
1621,78155.0,UVS,LAX
1622,78163.0,DTLA,LAX
1623,78165.0,HWD,LAX
1624,78168.0,LGB,LAX
1625,78207.0,HWD,LAX
1626,78239.0,DTLA,LAX
1627,78250.0,DTLA,LAX
1628,78309.0,DTLA,LAX
1629,78313.0,LGB,LAX
1630,78363.0,LGB,LAX
1631,78364.0,HWD,LAX
1632,78391.0,ANH,LAX
1633,78398.0,DTLA,LAX
1634,78491.0,ANH,LAX
1635,78500.0,ANH,LAX
1636,78505.0,ANH,LAX
1637,78548.0,BVH,LAX
1638,78559.0,PSD,LAX
1639,78579.0,PSD,LAX
1640,78616.0,DTLA,LAX
1641,78628.0,DTLA,LAX
1642,78648.0,HWD,LAX
1643,78679.0,HWD,LAX
1644,78791.0,HWD,LAX
1645,78794.0,DTLA,LAX
1646,78805.0,DTLA,LAX
1647,78929.0,HWD,LAX
1648,78975.0,DTLA,LAX
1649,79067.0,HWD,LAX
1650,79080.0,LGB,LAX
1651,79099.0,UVS,LAX
1652,79106.0,ANH,LAX
1653,79158.0,LGB,LAX
1654,79167.0,WDHL,LAX
1655,79187.0,LGB,LAX
1656,79280.0,DTLA,LAX
1657,79371.0,ANH,LAX
1658,79425.0,ANH,LAX
1659,79476.0,DTLA,LAX
1660,79483.0,LGB,LAX
1661,79517.0,UVS,LAX
1662,79700.0,BVH,LAX
1663,79709.0,ANH,LAX
1664,79720.0,LGB,LAX
1665,79721.0,ANH,LAX
1666,79790.0,ANH,LAX
1667,79808.0,DTLA,LAX
1668,79886.0,HWD,LAX
1669,79895.0,ANH,LAX
1670,80005.0,LGB,LAX
1671,80027.0,HWD,LAX
1672,80060.0,WDHL,LAX
1673,80147.0,DTLA,LAX
1674,80161.0,PSD,LAX
1675,80273.0,BVH,LAX
1676,80276.0,PSD,LAX
1677,80279.0,HWD,LAX
1678,80326.0,HWD,LAX
1679,80344.0,ANH,LAX
1680,80356.0,DTLA,LAX
1681,80370.0,DTLA,LAX
1682,80371.0,HWD,LAX
1683,80485.0,DTLA,LAX
1684,80499.0,DTLA,LAX
1685,80554.0,ANH,LAX
1686,80579.0,ANH,LAX
1687,80584.0,DTLA,LAX
1688,80643.0,DTLA,LAX
1689,80657.0,DTLA,LAX
1690,80682.0,HWD,LAX
1691,80714.0,UVS,LAX
1692,80802.0,ANH,LAX
1693,80904.0,LGB,LAX
1694,80926.0,ANH,LAX
1695,80969.0,DTLA,LAX
1696,81102.0,PSD,LAX
1697,81123.0,HWD,LAX
1698,81150.0,PSD,LAX
1699,81194.0,ANH,LAX
1700,81206.0,ANH,LAX
1701,81208.0,PSD,LAX
1702,81224.0,PSD,LAX
1703,81286.0,DTLA,LAX
1704,81355.0,ANH,LAX
1705,81413.0,BVH,LAX
1706,81433.0,HWD,LAX
1707,81462.0,UVS,LAX
1708,81590.0,DTLA,LAX
1709,81608.0,DTLA,LAX
1710,81615.0,ANH,LAX
1711,81654.0,UVS,LAX
1712,81676.0,DTLA,LAX
1713,81845.0,UVS,LAX
1714,81849.0,DTLA,LAX
1715,81928.0,PSD,LAX
1716,81997.0,LGB,LAX
1717,82056.0,HWD,LAX
1718,82068.0,HWD,LAX
1719,82081.0,PSD,LAX
1720,82086.0,DTLA,LAX
1721,82127.0,ANH,LAX
1722,82131.0,LGB,LAX
1723,82156.0,DTLA,LAX
1724,82276.0,WDHL,LAX
1725,82393.0,ANH,LAX
1726,82407.0,PSD,LAX
1727,82424.0,LGB,LAX
1728,82443.0,LGB,LAX
1729,82450.0,WDHL,LAX
1730,82454.0,LGB,LAX
1731,82498.0,WDHL,LAX
1732,82564.0,BVH,LAX
1733,82612.0,DTLA,LAX
1734,82708.0,DTLA,LAX
1735,82763.0,DTLA,LAX
1736,82827.0,DTLA,LAX
1737,82841.0,DTLA,LAX
1738,82853.0,LGB,LAX
1739,82915.0,HWD,LAX
1740,83005.0,DTLA,LAX
1741,83056.0,HWD,LAX
1742,83129.0,HWD,LAX
1743,83168.0,HWD,LAX
1744,83183.0,DTLA,LAX
1745,83241.0,HWD,LAX
1746,83250.0,DTLA,LAX
1747,83362.0,HWD,LAX
1748,83409.0,DTLA,LAX
1749,83424.0,DTLA,LAX
1750,83508.0,HWD,LAX
1751,83526.0,ANH,LAX
1752,83569.0,BVH,LAX
1753,83618.0,WDHL,LAX
1754,83636.0,DTLA,LAX
1755,83710.0,HWD,LAX
1756,83731.0,DTLA,LAX
1757,83783.0,WDHL,LAX
1758,83898.0,WDHL,LAX
1759,84019.0,ANH,LAX
1760,84142.0,DTLA,LAX
1761,84270.0,HWD,LAX
1762,84369.0,PSD,LAX
1763,84412.0,HWD,LAX
1764,84696.0,DTLA,LAX
1765,84734.0,ANH,LAX
1766,84844.0,DTLA,LAX
1767,84893.0,WDHL,LAX
1768,84925.0,HWD,LAX
1769,85020.0,PSD,LAX
1770,85032.0,LGB,LAX
1771,85044.0,ANH,LAX
1772,85188.0,ANH,LAX
1773,85282.0,LGB,LAX
1774,85294.0,PSD,LAX
1775,85314.0,DTLA,LAX
1776,85358.0,DTLA,LAX
1777,85539.0,DTLA,LAX
1778,85586.0,ANH,LAX
1779,85589.0,PSD,LAX
1780,85632.0,BVH,LAX
1781,85705.0,ANH,LAX
1782,86244.0,ANH,LAX
1783,86400.0,HWD,LAX
1784,0.0,LAX,DTLA
1785,24.0,LAX,DTLA
1786,248.0,LAX,DTLA
1787,259.0,LAX,UVS
1788,282.0,LAX,PSD
1789,294.0,LAX,LGB
1790,303.0,LAX,ANH
1791,310.0,LAX,LGB
1792,389.0,LAX,DTLA
1793,433.0,LAX,WDHL
1794,484.0,LAX,DTLA
1795,513.0,LAX,UVS
1796,554.0,LAX,WDHL
1797,565.0,LAX,UVS
1798,583.0,LAX,PSD
1799,589.0,LAX,BVH
1800,598.0,LAX,ANH
1801,629.0,LAX,PSD
1802,716.0,LAX,DTLA
1803,727.0,LAX,BVH
1804,745.0,LAX,BVH
1805,805.0,LAX,HWD
1806,810.0,LAX,PSD
1807,1030.0,LAX,PSD
1808,1056.0,LAX,HWD
1809,1101.0,LAX,LGB
1810,1110.0,LAX,LGB
1811,1111.0,LAX,ANH
1812,1123.0,LAX,DTLA
1813,1126.0,LAX,WDHL
1814,1159.0,LAX,HWD
1815,1184.0,LAX,UVS
1816,1209.0,LAX,DTLA
1817,1306.0,LAX,BVH
1818,1391.0,LAX,HWD
1819,1394.0,LAX,LGB
1820,1433.0,LAX,PSD
1821,1484.0,LAX,ANH
1822,1495.0,LAX,BVH
1823,1518.0,LAX,LGB
1824,1584.0,LAX,DTLA
1825,1606.0,LAX,LGB
1826,1703.0,LAX,DTLA
1827,1713.0,LAX,DTLA
1828,1714.0,LAX,PSD
1829,1727.0,LAX,UVS
1830,1736.0,LAX,BVH
1831,1764.0,LAX,HWD
1832,1781.0,LAX,DTLA
1833,1782.0,LAX,DTLA
1834,1801.0,LAX,DTLA
1835,2287.0,LAX,HWD
1836,2332.0,LAX,ANH
1837,2370.0,LAX,WDHL
1838,2376.0,LAX,LGB
1839,2391.0,LAX,ANH
1840,2404.0,LAX,ANH
1841,3202.0,LAX,PSD
1842,3271.0,LAX,HWD
1843,3295.0,LAX,HWD
1844,3368.0,LAX,LGB
1845,3519.0,LAX,UVS
1846,3521.0,LAX,LGB
1847,4073.0,LAX,ANH
1848,4207.0,LAX,DTLA
1849,4237.0,LAX,LGB
1850,4342.0,LAX,ANH
1851,4552.0,LAX,ANH
1852,4578.0,LAX,ANH
1853,4596.0,LAX,HWD
1854,4659.0,LAX,HWD
1855,5145.0,LAX,HWD
1856,5152.0,LAX,DTLA
1857,5390.0,LAX,ANH
1858,5463.0,LAX,HWD
1859,5629.0,LAX,PSD
1860,5729.0,LAX,PSD
1861,6036.0,LAX,ANH
1862,7445.0,LAX,ANH
1863,8366.0,LAX,ANH
1864,8447.0,LAX,DTLA
1865,9022.0,LAX,LGB
1866,9142.0,LAX,BVH
1867,9814.0,LAX,ANH
1868,9866.0,LAX,HWD
1869,10002.0,LAX,UVS
1870,10069.0,LAX,ANH
1871,10731.0,LAX,PSD
1872,10810.0,LAX,HWD
1873,10817.0,LAX,DTLA
1874,10908.0,LAX,DTLA
1875,11550.0,LAX,BVH
1876,14099.0,LAX,PSD
1877,14286.0,LAX,HWD
1878,14581.0,LAX,UVS
1879,14639.0,LAX,DTLA
1880,14645.0,LAX,LGB
1881,19169.0,LAX,LGB
1882,19201.0,LAX,LGB
1883,19229.0,LAX,HWD
1884,19279.0,LAX,ANH
1885,19287.0,LAX,DTLA
1886,19344.0,LAX,HWD
1887,19677.0,LAX,ANH
1888,19698.0,LAX,DTLA
1889,19715.0,LAX,UVS
1890,19855.0,LAX,UVS
1891,19858.0,LAX,WDHL
1892,21000.0,LAX,HWD
1893,21547.0,LAX,WDHL
1894,21563.0,LAX,HWD
1895,21707.0,LAX,PSD
1896,21801.0,LAX,LGB
1897,21825.0,LAX,ANH
1898,22012.0,LAX,PSD
1899,22016.0,LAX,DTLA
1900,22056.0,LAX,ANH
1901,22121.0,LAX,PSD
1902,22194.0,LAX,ANH
1903,22243.0,LAX,DTLA
1904,22254.0,LAX,HWD
1905,22264.0,LAX,ANH
1906,22363.0,LAX,BVH
1907,22385.0,LAX,PSD
1908,22433.0,LAX,ANH
1909,22508.0,LAX,HWD
1910,22528.0,LAX,DTLA
1911,22600.0,LAX,HWD
1912,23067.0,LAX,DTLA
1913,23083.0,LAX,ANH
1914,23268.0,LAX,BVH
1915,23293.0,LAX,HWD
1916,23392.0,LAX,HWD
1917,23443.0,LAX,ANH
1918,23539.0,LAX,DTLA
1919,23587.0,LAX,HWD
1920,23607.0,LAX,DTLA
1921,23621.0,LAX,LGB
1922,23651.0,LAX,LGB
1923,23683.0,LAX,WDHL
1924,23727.0,LAX,HWD
1925,23770.0,LAX,DTLA
1926,23894.0,LAX,DTLA
1927,23896.0,LAX,ANH
1928,23908.0,LAX,BVH
1929,23912.0,LAX,LGB
1930,23912.0,LAX,ANH
1931,24097.0,LAX,UVS
1932,24124.0,LAX,UVS
1933,24147.0,LAX,HWD
1934,24243.0,LAX,BVH
1935,24271.0,LAX,HWD
1936,24307.0,LAX,PSD
1937,24348.0,LAX,ANH
1938,24364.0,LAX,ANH
1939,24386.0,LAX,ANH
1940,24445.0,LAX,HWD
1941,24456.0,LAX,PSD
1942,24460.0,LAX,LGB
1943,24460.0,LAX,ANH
1944,24463.0,LAX,HWD
1945,24473.0,LAX,ANH
1946,24489.0,LAX,DTLA
1947,24531.0,LAX,ANH
1948,24531.0,LAX,LGB
1949,24555.0,LAX,HWD
1950,24580.0,LAX,PSD
1951,24593.0,LAX,HWD
1952,24626.0,LAX,DTLA
1953,24746.0,LAX,LGB
1954,24834.0,LAX,ANH
1955,24843.0,LAX,PSD
1956,24869.0,LAX,DTLA
1957,24881.0,LAX,HWD
1958,24906.0,LAX,HWD
1959,24917.0,LAX,ANH
1960,24936.0,LAX,DTLA
1961,24941.0,LAX,UVS
1962,24964.0,LAX,DTLA
1963,24987.0,LAX,WDHL
1964,24990.0,LAX,ANH
1965,25025.0,LAX,ANH
1966,25026.0,LAX,UVS
1967,25136.0,LAX,ANH
1968,25137.0,LAX,LGB
1969,25139.0,LAX,PSD
1970,25253.0,LAX,ANH
1971,25294.0,LAX,PSD
1972,25388.0,LAX,HWD
1973,25445.0,LAX,LGB
1974,25491.0,LAX,DTLA
1975,25580.0,LAX,DTLA
1976,25581.0,LAX,LGB
1977,25638.0,LAX,ANH
1978,25700.0,LAX,ANH
1979,25700.0,LAX,UVS
1980,25713.0,LAX,HWD
1981,25752.0,LAX,BVH
1982,25756.0,LAX,LGB
1983,25773.0,LAX,DTLA
1984,26235.0,LAX,WDHL
1985,26325.0,LAX,ANH
1986,26401.0,LAX,HWD
1987,26414.0,LAX,HWD
1988,26448.0,LAX,ANH
1989,26493.0,LAX,HWD
1990,26507.0,LAX,DTLA
1991,26517.0,LAX,LGB
1992,26537.0,LAX,DTLA
1993,26545.0,LAX,UVS
1994,26559.0,LAX,DTLA
1995,26582.0,LAX,PSD
1996,26604.0,LAX,UVS
1997,26657.0,LAX,BVH
1998,26710.0,LAX,ANH
1999,26851.0,LAX,PSD
2000,27150.0,LAX,WDHL
2001,27173.0,LAX,PSD
2002,27178.0,LAX,LGB
2003,27209.0,LAX,DTLA
2004,27239.0,LAX,PSD
2005,27276.0,LAX,PSD
2006,27285.0,LAX,ANH
2007,27288.0,LAX,ANH
2008,27400.0,LAX,DTLA
2009,27411.0,LAX,HWD
2010,27560.0,LAX,DTLA
2011,27579.0,LAX,PSD
2012,27603.0,LAX,PSD
2013,27603.0,LAX,WDHL
2014,27607.0,LAX,HWD
2015,27608.0,LAX,DTLA
2016,27642.0,LAX,DTLA
2017,27662.0,LAX,ANH
2018,27677.0,LAX,HWD
2019,27695.0,LAX,LGB
2020,27699.0,LAX,PSD
2021,27720.0,LAX,DTLA
2022,27733.0,LAX,WDHL
2023,27751.0,LAX,DTLA
2024,27760.0,LAX,DTLA
2025,27762.0,LAX,HWD
2026,27825.0,LAX,HWD
2027,27858.0,LAX,DTLA
2028,27902.0,LAX,DTLA
2029,28033.0,LAX,ANH
2030,28033.0,LAX,BVH
2031,28042.0,LAX,ANH
2032,28059.0,LAX,LGB
2033,28060.0,LAX,PSD
2034,28100.0,LAX,DTLA
2035,28111.0,LAX,HWD
2036,28120.0,LAX,ANH
2037,28127.0,LAX,ANH
2038,28129.0,LAX,HWD
2039,28138.0,LAX,ANH
2040,28326.0,LAX,ANH
2041,28362.0,LAX,HWD
2042,28399.0,LAX,PSD
2043,28487.0,LAX,DTLA
2044,28574.0,LAX,PSD
2045,28663.0,LAX,WDHL
2046,28697.0,LAX,LGB
2047,28747.0,LAX,WDHL
2048,28759.0,LAX,LGB
2049,28766.0,LAX,ANH
2050,28797.0,LAX,UVS
2051,28839.0,LAX,WDHL
2052,28840.0,LAX,DTLA
2053,28853.0,LAX,PSD
2054,28872.0,LAX,LGB
2055,28886.0,LAX,UVS
2056,28891.0,LAX,BVH
2057,28901.0,LAX,ANH
2058,28907.0,LAX,DTLA
2059,28935.0,LAX,DTLA
2060,28965.0,LAX,DTLA
2061,28967.0,LAX,HWD
2062,28996.0,LAX,ANH
2063,29047.0,LAX,UVS
2064,29047.0,LAX,ANH
2065,29056.0,LAX,DTLA
2066,29096.0,LAX,PSD
2067,29146.0,LAX,HWD
2068,29159.0,LAX,DTLA
2069,29186.0,LAX,ANH
2070,29207.0,LAX,HWD
2071,29289.0,LAX,LGB
2072,29407.0,LAX,HWD
2073,29467.0,LAX,DTLA
2074,29566.0,LAX,PSD
2075,29578.0,LAX,BVH
2076,29616.0,LAX,BVH
2077,29672.0,LAX,UVS
2078,29692.0,LAX,WDHL
2079,29708.0,LAX,LGB
2080,29713.0,LAX,DTLA
2081,29739.0,LAX,ANH
2082,29761.0,LAX,HWD
2083,29769.0,LAX,HWD
2084,29769.0,LAX,WDHL
2085,29770.0,LAX,ANH
2086,29796.0,LAX,ANH
2087,29849.0,LAX,DTLA
2088,29981.0,LAX,HWD
2089,29982.0,LAX,ANH
2090,30024.0,LAX,WDHL
2091,30024.0,LAX,LGB
2092,30035.0,LAX,HWD
2093,30045.0,LAX,PSD
2094,30064.0,LAX,DTLA
2095,30082.0,LAX,DTLA
2096,30105.0,LAX,DTLA
2097,30113.0,LAX,LGB
2098,30135.0,LAX,BVH
2099,30153.0,LAX,ANH
2100,30188.0,LAX,DTLA
2101,30197.0,LAX,BVH
2102,30213.0,LAX,DTLA
2103,30226.0,LAX,HWD
2104,30229.0,LAX,ANH
2105,30231.0,LAX,DTLA
2106,30254.0,LAX,ANH
2107,30289.0,LAX,LGB
2108,30302.0,LAX,DTLA
2109,30324.0,LAX,HWD
2110,30358.0,LAX,DTLA
2111,30414.0,LAX,LGB
2112,30598.0,LAX,ANH
2113,30784.0,LAX,HWD
2114,30832.0,LAX,ANH
2115,30893.0,LAX,DTLA
2116,30908.0,LAX,BVH
2117,30932.0,LAX,DTLA
2118,30957.0,LAX,WDHL
2119,30969.0,LAX,DTLA
2120,30973.0,LAX,BVH
2121,30986.0,LAX,BVH
2122,31172.0,LAX,BVH
2123,31177.0,LAX,ANH
2124,31209.0,LAX,WDHL
2125,31212.0,LAX,ANH
2126,31222.0,LAX,HWD
2127,31300.0,LAX,ANH
2128,31337.0,LAX,HWD
2129,31354.0,LAX,HWD
2130,31354.0,LAX,ANH
2131,31385.0,LAX,WDHL
2132,31412.0,LAX,DTLA
2133,31486.0,LAX,ANH
2134,31594.0,LAX,HWD
2135,31760.0,LAX,ANH
2136,31767.0,LAX,HWD
2137,31802.0,LAX,DTLA
2138,31806.0,LAX,WDHL
2139,31832.0,LAX,WDHL
2140,31889.0,LAX,DTLA
2141,31893.0,LAX,LGB
2142,31905.0,LAX,HWD
2143,31909.0,LAX,UVS
2144,31947.0,LAX,DTLA
2145,31969.0,LAX,PSD
2146,31987.0,LAX,HWD
2147,31988.0,LAX,BVH
2148,31993.0,LAX,WDHL
2149,32003.0,LAX,LGB
2150,32014.0,LAX,BVH
2151,32022.0,LAX,HWD
2152,32031.0,LAX,ANH
2153,32033.0,LAX,UVS
2154,32089.0,LAX,ANH
2155,32097.0,LAX,DTLA
2156,32142.0,LAX,DTLA
2157,32146.0,LAX,ANH
2158,32148.0,LAX,ANH
2159,32156.0,LAX,UVS
2160,32156.0,LAX,DTLA
2161,32170.0,LAX,HWD
2162,32172.0,LAX,ANH
2163,32204.0,LAX,ANH
2164,32210.0,LAX,DTLA
2165,32243.0,LAX,HWD
2166,32251.0,LAX,ANH
2167,32275.0,LAX,PSD
2168,32289.0,LAX,UVS
2169,32344.0,LAX,LGB
2170,32388.0,LAX,HWD
2171,32389.0,LAX,ANH
2172,32411.0,LAX,DTLA
2173,32425.0,LAX,WDHL
2174,32500.0,LAX,BVH
2175,32507.0,LAX,HWD
2176,32524.0,LAX,PSD
2177,32568.0,LAX,BVH
2178,32693.0,LAX,LGB
2179,32714.0,LAX,PSD
2180,32716.0,LAX,HWD
2181,32724.0,LAX,PSD
2182,32726.0,LAX,PSD
2183,32749.0,LAX,WDHL
2184,32795.0,LAX,ANH
2185,32818.0,LAX,HWD
2186,32872.0,LAX,LGB
2187,32893.0,LAX,ANH
2188,32897.0,LAX,HWD
2189,32909.0,LAX,ANH
2190,32965.0,LAX,HWD
2191,32975.0,LAX,PSD
2192,33007.0,LAX,UVS
2193,33024.0,LAX,DTLA
2194,33043.0,LAX,UVS
2195,33056.0,LAX,LGB
2196,33056.0,LAX,LGB
2197,33067.0,LAX,ANH
2198,33080.0,LAX,LGB
2199,33108.0,LAX,DTLA
2200,33130.0,LAX,ANH
2201,33130.0,LAX,BVH
2202,33131.0,LAX,DTLA
2203,33137.0,LAX,DTLA
2204,33144.0,LAX,BVH
2205,33156.0,LAX,DTLA
2206,33156.0,LAX,LGB
2207,33158.0,LAX,HWD
2208,33159.0,LAX,LGB
2209,33171.0,LAX,PSD
2210,33185.0,LAX,ANH
2211,33203.0,LAX,WDHL
2212,33253.0,LAX,LGB
2213,33293.0,LAX,HWD
2214,33405.0,LAX,ANH
2215,33458.0,LAX,BVH
2216,33488.0,LAX,LGB
2217,33533.0,LAX,DTLA
2218,33707.0,LAX,DTLA
2219,33730.0,LAX,LGB
2220,33758.0,LAX,LGB
2221,33803.0,LAX,BVH
2222,33844.0,LAX,DTLA
2223,33855.0,LAX,ANH
2224,33896.0,LAX,WDHL
2225,33919.0,LAX,HWD
2226,33925.0,LAX,LGB
2227,34007.0,LAX,DTLA
2228,34035.0,LAX,ANH
2229,34176.0,LAX,PSD
2230,34185.0,LAX,BVH
2231,34186.0,LAX,BVH
2232,34223.0,LAX,DTLA
2233,34224.0,LAX,ANH
2234,34235.0,LAX,LGB
2235,34251.0,LAX,HWD
2236,34289.0,LAX,BVH
2237,34295.0,LAX,ANH
2238,34303.0,LAX,ANH
2239,34315.0,LAX,ANH
2240,34357.0,LAX,DTLA
2241,34391.0,LAX,DTLA
2242,34405.0,LAX,WDHL
2243,34410.0,LAX,ANH
2244,34414.0,LAX,HWD
2245,34415.0,LAX,UVS
2246,34415.0,LAX,ANH
2247,34455.0,LAX,HWD
2248,34460.0,LAX,WDHL
2249,34492.0,LAX,UVS
2250,34496.0,LAX,ANH
2251,34505.0,LAX,HWD
2252,34533.0,LAX,ANH
2253,34535.0,LAX,ANH
2254,34553.0,LAX,DTLA
2255,34557.0,LAX,DTLA
2256,34563.0,LAX,PSD
2257,34567.0,LAX,PSD
2258,34594.0,LAX,ANH
2259,34614.0,LAX,PSD
2260,34622.0,LAX,ANH
2261,34639.0,LAX,WDHL
2262,34642.0,LAX,DTLA
2263,34729.0,LAX,DTLA
2264,34745.0,LAX,BVH
2265,34759.0,LAX,DTLA
2266,34772.0,LAX,DTLA
2267,34829.0,LAX,LGB
2268,34846.0,LAX,ANH
2269,34968.0,LAX,DTLA
2270,34975.0,LAX,PSD
2271,34984.0,LAX,ANH
2272,35019.0,LAX,PSD
2273,35051.0,LAX,ANH
2274,35078.0,LAX,UVS
2275,35156.0,LAX,ANH
2276,35158.0,LAX,HWD
2277,35189.0,LAX,DTLA
2278,35208.0,LAX,DTLA
2279,35211.0,LAX,PSD
2280,35225.0,LAX,HWD
2281,35228.0,LAX,LGB
2282,35235.0,LAX,ANH
2283,35242.0,LAX,DTLA
2284,35248.0,LAX,WDHL
2285,35260.0,LAX,BVH
2286,35273.0,LAX,DTLA
2287,35335.0,LAX,HWD
2288,35364.0,LAX,DTLA
2289,35368.0,LAX,HWD
2290,35382.0,LAX,BVH
2291,35399.0,LAX,UVS
2292,35546.0,LAX,HWD
2293,35564.0,LAX,DTLA
2294,35578.0,LAX,DTLA
2295,35596.0,LAX,PSD
2296,35600.0,LAX,BVH
2297,35612.0,LAX,DTLA
2298,35628.0,LAX,HWD
2299,35639.0,LAX,LGB
2300,35677.0,LAX,HWD
2301,35688.0,LAX,ANH
2302,35701.0,LAX,DTLA
2303,35705.0,LAX,LGB
2304,35711.0,LAX,PSD
2305,35717.0,LAX,PSD
2306,35729.0,LAX,BVH
2307,35795.0,LAX,DTLA
2308,35809.0,LAX,LGB
2309,35823.0,LAX,DTLA
2310,35849.0,LAX,HWD
2311,35851.0,LAX,PSD
2312,35924.0,LAX,ANH
2313,35926.0,LAX,DTLA
2314,35945.0,LAX,ANH
2315,35971.0,LAX,ANH
2316,35995.0,LAX,ANH
2317,36003.0,LAX,ANH
2318,36022.0,LAX,DTLA
2319,36038.0,LAX,BVH
2320,36145.0,LAX,LGB
2321,36191.0,LAX,DTLA
2322,36199.0,LAX,PSD
2323,36235.0,LAX,LGB
2324,36236.0,LAX,HWD
2325,36265.0,LAX,LGB
2326,36270.0,LAX,DTLA
2327,36288.0,LAX,DTLA
2328,36320.0,LAX,PSD
2329,36344.0,LAX,PSD
2330,36367.0,LAX,BVH
2331,36395.0,LAX,ANH
2332,36410.0,LAX,DTLA
2333,36423.0,LAX,ANH
2334,36446.0,LAX,DTLA
2335,36450.0,LAX,LGB
2336,36455.0,LAX,DTLA
2337,36471.0,LAX,ANH
2338,36475.0,LAX,ANH
2339,36485.0,LAX,LGB
2340,36485.0,LAX,ANH
2341,36489.0,LAX,ANH
2342,36501.0,LAX,WDHL
2343,36503.0,LAX,HWD
2344,36508.0,LAX,HWD
2345,36520.0,LAX,UVS
2346,36549.0,LAX,BVH
2347,36558.0,LAX,LGB
2348,36569.0,LAX,DTLA
2349,36583.0,LAX,UVS
2350,36631.0,LAX,DTLA
2351,36646.0,LAX,DTLA
2352,36663.0,LAX,ANH
2353,36719.0,LAX,PSD
2354,36726.0,LAX,PSD
2355,36731.0,LAX,ANH
2356,36746.0,LAX,WDHL
2357,36759.0,LAX,BVH
2358,36767.0,LAX,PSD
2359,36827.0,LAX,ANH
2360,36838.0,LAX,HWD
2361,36880.0,LAX,DTLA
2362,36891.0,LAX,ANH
2363,36928.0,LAX,HWD
2364,36947.0,LAX,PSD
2365,36986.0,LAX,HWD
2366,37026.0,LAX,WDHL
2367,37035.0,LAX,BVH
2368,37060.0,LAX,ANH
2369,37065.0,LAX,LGB
2370,37125.0,LAX,LGB
2371,37137.0,LAX,DTLA
2372,37145.0,LAX,DTLA
2373,37164.0,LAX,ANH
2374,37174.0,LAX,ANH
2375,37176.0,LAX,DTLA
2376,37183.0,LAX,HWD
2377,37200.0,LAX,PSD
2378,37228.0,LAX,BVH
2379,37285.0,LAX,HWD
2380,37299.0,LAX,ANH
2381,37313.0,LAX,ANH
2382,37368.0,LAX,DTLA
2383,37442.0,LAX,ANH
2384,37464.0,LAX,LGB
2385,37509.0,LAX,HWD
2386,37513.0,LAX,LGB
2387,37580.0,LAX,ANH
2388,37609.0,LAX,PSD
2389,37620.0,LAX,ANH
2390,37679.0,LAX,UVS
2391,37684.0,LAX,LGB
2392,37685.0,LAX,DTLA
2393,37713.0,LAX,ANH
2394,37717.0,LAX,ANH
2395,37750.0,LAX,BVH
2396,37801.0,LAX,PSD
2397,37936.0,LAX,PSD
2398,38082.0,LAX,LGB
2399,38127.0,LAX,UVS
2400,38134.0,LAX,BVH
2401,38163.0,LAX,DTLA
2402,38163.0,LAX,UVS
2403,38167.0,LAX,HWD
2404,38174.0,LAX,PSD
2405,38204.0,LAX,HWD
2406,38212.0,LAX,PSD
2407,38214.0,LAX,HWD
2408,38216.0,LAX,UVS
2409,38219.0,LAX,LGB
2410,38230.0,LAX,HWD
2411,38238.0,LAX,WDHL
2412,38255.0,LAX,HWD
2413,38293.0,LAX,UVS
2414,38314.0,LAX,BVH
2415,38323.0,LAX,PSD
2416,38329.0,LAX,PSD
2417,38331.0,LAX,LGB
2418,38443.0,LAX,DTLA
2419,38463.0,LAX,LGB
2420,38468.0,LAX,DTLA
2421,38554.0,LAX,WDHL
2422,38581.0,LAX,ANH
2423,38581.0,LAX,PSD
2424,38594.0,LAX,HWD
2425,38601.0,LAX,LGB
2426,38629.0,LAX,BVH
2427,38643.0,LAX,PSD
2428,38650.0,LAX,LGB
2429,38660.0,LAX,LGB
2430,38703.0,LAX,PSD
2431,38712.0,LAX,DTLA
2432,38774.0,LAX,LGB
2433,38815.0,LAX,ANH
2434,38815.0,LAX,DTLA
2435,38863.0,LAX,ANH
2436,38874.0,LAX,DTLA
2437,38894.0,LAX,DTLA
2438,38906.0,LAX,ANH
2439,38913.0,LAX,DTLA
2440,38919.0,LAX,WDHL
2441,38942.0,LAX,HWD
2442,38946.0,LAX,ANH
2443,38949.0,LAX,LGB
2444,38956.0,LAX,HWD
2445,38960.0,LAX,DTLA
2446,38970.0,LAX,LGB
2447,39000.0,LAX,DTLA
2448,39006.0,LAX,UVS
2449,39011.0,LAX,DTLA
2450,39017.0,LAX,HWD
2451,39018.0,LAX,UVS
2452,39020.0,LAX,ANH
2453,39020.0,LAX,DTLA
2454,39025.0,LAX,DTLA
2455,39027.0,LAX,ANH
2456,39058.0,LAX,LGB
2457,39063.0,LAX,DTLA
2458,39116.0,LAX,HWD
2459,39163.0,LAX,BVH
2460,39191.0,LAX,HWD
2461,39242.0,LAX,PSD
2462,39266.0,LAX,LGB
2463,39302.0,LAX,HWD
2464,39353.0,LAX,ANH
2465,39399.0,LAX,BVH
2466,39414.0,LAX,HWD
2467,39446.0,LAX,ANH
2468,39520.0,LAX,DTLA
2469,39564.0,LAX,LGB
2470,39598.0,LAX,PSD
2471,39606.0,LAX,ANH
2472,39615.0,LAX,ANH
2473,39641.0,LAX,ANH
2474,39648.0,LAX,LGB
2475,39651.0,LAX,ANH
2476,39653.0,LAX,LGB
2477,39656.0,LAX,LGB
2478,39657.0,LAX,DTLA
2479,39684.0,LAX,UVS
2480,39721.0,LAX,ANH
2481,39839.0,LAX,UVS
2482,39879.0,LAX,WDHL
2483,39947.0,LAX,HWD
2484,40017.0,LAX,ANH
2485,40048.0,LAX,PSD
2486,40243.0,LAX,ANH
2487,40292.0,LAX,BVH
2488,40394.0,LAX,LGB
2489,40400.0,LAX,PSD
2490,40425.0,LAX,DTLA
2491,40431.0,LAX,ANH
2492,40454.0,LAX,BVH
2493,40457.0,LAX,HWD
2494,40503.0,LAX,HWD
2495,40567.0,LAX,ANH
2496,40590.0,LAX,ANH
2497,40594.0,LAX,DTLA
2498,40616.0,LAX,DTLA
2499,40638.0,LAX,PSD
2500,40768.0,LAX,HWD
2501,40806.0,LAX,BVH
2502,40853.0,LAX,LGB
2503,40889.0,LAX,DTLA
2504,40905.0,LAX,HWD
2505,40908.0,LAX,UVS
2506,40928.0,LAX,UVS
2507,41202.0,LAX,ANH
2508,41212.0,LAX,DTLA
2509,41328.0,LAX,DTLA
2510,41331.0,LAX,BVH
2511,41333.0,LAX,BVH
2512,41350.0,LAX,DTLA
2513,41354.0,LAX,HWD
2514,41370.0,LAX,BVH
2515,41466.0,LAX,DTLA
2516,41495.0,LAX,ANH
2517,41504.0,LAX,ANH
2518,41517.0,LAX,ANH
2519,41534.0,LAX,DTLA
2520,41599.0,LAX,PSD
2521,41629.0,LAX,ANH
2522,41646.0,LAX,HWD
2523,41650.0,LAX,ANH
2524,41694.0,LAX,ANH
2525,41725.0,LAX,DTLA
2526,41744.0,LAX,ANH
2527,41816.0,LAX,ANH
2528,41819.0,LAX,UVS
2529,41857.0,LAX,ANH
2530,41966.0,LAX,HWD
2531,42014.0,LAX,DTLA
2532,42015.0,LAX,DTLA
2533,42023.0,LAX,LGB
2534,42026.0,LAX,DTLA
2535,42033.0,LAX,UVS
2536,42042.0,LAX,UVS
2537,42045.0,LAX,UVS
2538,42048.0,LAX,DTLA
2539,42060.0,LAX,ANH
2540,42082.0,LAX,BVH
2541,42101.0,LAX,ANH
2542,42115.0,LAX,BVH
2543,42127.0,LAX,HWD
2544,42129.0,LAX,HWD
2545,42132.0,LAX,DTLA
2546,42163.0,LAX,ANH
2547,42176.0,LAX,DTLA
2548,42188.0,LAX,BVH
2549,42201.0,LAX,ANH
2550,42222.0,LAX,WDHL
2551,42243.0,LAX,HWD
2552,42258.0,LAX,WDHL
2553,42265.0,LAX,DTLA
2554,42277.0,LAX,BVH
2555,42295.0,LAX,LGB
2556,42299.0,LAX,LGB
2557,42301.0,LAX,DTLA
2558,42313.0,LAX,LGB
2559,42316.0,LAX,DTLA
2560,42320.0,LAX,ANH
2561,42340.0,LAX,DTLA
2562,42357.0,LAX,LGB
2563,42361.0,LAX,DTLA
2564,42365.0,LAX,ANH
2565,42369.0,LAX,ANH
2566,42377.0,LAX,DTLA
2567,42378.0,LAX,PSD
2568,42427.0,LAX,ANH
2569,42464.0,LAX,DTLA
2570,42468.0,LAX,HWD
2571,42483.0,LAX,HWD
2572,42559.0,LAX,UVS
2573,42559.0,LAX,ANH
2574,42602.0,LAX,DTLA
2575,42637.0,LAX,ANH
2576,42749.0,LAX,PSD
2577,42771.0,LAX,PSD
2578,42799.0,LAX,DTLA
2579,42801.0,LAX,ANH
2580,42887.0,LAX,DTLA
2581,42920.0,LAX,PSD
2582,42923.0,LAX,HWD
2583,42927.0,LAX,ANH
2584,42939.0,LAX,HWD
2585,42964.0,LAX,HWD
2586,43007.0,LAX,PSD
2587,43011.0,LAX,DTLA
2588,43048.0,LAX,WDHL
2589,43063.0,LAX,DTLA
2590,43180.0,LAX,HWD
2591,43209.0,LAX,LGB
2592,43298.0,LAX,LGB
2593,43305.0,LAX,WDHL
2594,43340.0,LAX,HWD
2595,43357.0,LAX,BVH
2596,43403.0,LAX,DTLA
2597,43404.0,LAX,ANH
2598,43409.0,LAX,LGB
2599,43446.0,LAX,DTLA
2600,43490.0,LAX,DTLA
2601,43823.0,LAX,ANH
2602,43846.0,LAX,ANH
2603,43854.0,LAX,LGB
2604,43860.0,LAX,DTLA
2605,43950.0,LAX,DTLA
2606,43953.0,LAX,HWD
2607,43959.0,LAX,ANH
2608,43961.0,LAX,ANH
2609,43967.0,LAX,ANH
2610,44079.0,LAX,LGB
2611,44091.0,LAX,DTLA
2612,44124.0,LAX,ANH
2613,44136.0,LAX,HWD
2614,44138.0,LAX,WDHL
2615,44154.0,LAX,ANH
2616,44203.0,LAX,LGB
2617,44219.0,LAX,BVH
2618,44395.0,LAX,PSD
2619,44417.0,LAX,WDHL
2620,44428.0,LAX,PSD
2621,44435.0,LAX,DTLA
2622,44472.0,LAX,HWD
2623,44487.0,LAX,BVH
2624,44504.0,LAX,ANH
2625,44521.0,LAX,BVH
2626,44521.0,LAX,LGB
2627,44529.0,LAX,HWD
2628,44563.0,LAX,HWD
2629,44568.0,LAX,ANH
2630,44576.0,LAX,DTLA
2631,44583.0,LAX,DTLA
2632,44588.0,LAX,DTLA
2633,44603.0,LAX,DTLA
2634,44621.0,LAX,ANH
2635,44632.0,LAX,HWD
2636,44645.0,LAX,PSD
2637,44657.0,LAX,DTLA
2638,44659.0,LAX,DTLA
2639,44659.0,LAX,DTLA
2640,44678.0,LAX,HWD
2641,44695.0,LAX,DTLA
2642,44707.0,LAX,HWD
2643,44712.0,LAX,BVH
2644,44748.0,LAX,PSD
2645,44772.0,LAX,DTLA
2646,44775.0,LAX,BVH
2647,44784.0,LAX,WDHL
2648,44792.0,LAX,HWD
2649,44793.0,LAX,DTLA
2650,44806.0,LAX,ANH
2651,44891.0,LAX,HWD
2652,44899.0,LAX,HWD
2653,44908.0,LAX,ANH
2654,44912.0,LAX,HWD
2655,44929.0,LAX,PSD
2656,44945.0,LAX,ANH
2657,44951.0,LAX,UVS
2658,44973.0,LAX,HWD
2659,44999.0,LAX,HWD
2660,45005.0,LAX,LGB
2661,45022.0,LAX,UVS
2662,45045.0,LAX,PSD
2663,45061.0,LAX,PSD
2664,45061.0,LAX,ANH
2665,45072.0,LAX,LGB
2666,45075.0,LAX,DTLA
2667,45104.0,LAX,UVS
2668,45138.0,LAX,DTLA
2669,45140.0,LAX,HWD
2670,45148.0,LAX,ANH
2671,45179.0,LAX,ANH
2672,45256.0,LAX,DTLA
2673,45355.0,LAX,BVH
2674,45355.0,LAX,PSD
2675,45367.0,LAX,DTLA
2676,45407.0,LAX,PSD
2677,45430.0,LAX,WDHL
2678,45492.0,LAX,HWD
2679,45534.0,LAX,BVH
2680,45602.0,LAX,ANH
2681,45614.0,LAX,PSD
2682,45621.0,LAX,ANH
2683,45626.0,LAX,BVH
2684,45627.0,LAX,ANH
2685,45659.0,LAX,WDHL
2686,45664.0,LAX,WDHL
2687,45673.0,LAX,HWD
2688,45681.0,LAX,DTLA
2689,45724.0,LAX,WDHL
2690,45768.0,LAX,LGB
2691,45821.0,LAX,UVS
2692,45828.0,LAX,UVS
2693,45846.0,LAX,ANH
2694,46064.0,LAX,HWD
2695,46066.0,LAX,DTLA
2696,46075.0,LAX,BVH
2697,46076.0,LAX,DTLA
2698,46078.0,LAX,HWD
2699,46129.0,LAX,PSD
2700,46160.0,LAX,LGB
2701,46197.0,LAX,WDHL
2702,46203.0,LAX,ANH
2703,46240.0,LAX,DTLA
2704,46252.0,LAX,DTLA
2705,46272.0,LAX,PSD
2706,46286.0,LAX,HWD
2707,46297.0,LAX,DTLA
2708,46323.0,LAX,HWD
2709,46325.0,LAX,HWD
2710,46330.0,LAX,LGB
2711,46342.0,LAX,DTLA
2712,46360.0,LAX,DTLA
2713,46365.0,LAX,BVH
2714,46379.0,LAX,ANH
2715,46381.0,LAX,UVS
2716,46398.0,LAX,DTLA
2717,46408.0,LAX,ANH
2718,46440.0,LAX,ANH
2719,46452.0,LAX,LGB
2720,46461.0,LAX,UVS
2721,46484.0,LAX,PSD
2722,46485.0,LAX,ANH
2723,46548.0,LAX,UVS
2724,46881.0,LAX,BVH
2725,46895.0,LAX,LGB
2726,46941.0,LAX,DTLA
2727,46955.0,LAX,PSD
2728,46982.0,LAX,DTLA
2729,46993.0,LAX,DTLA
2730,47001.0,LAX,LGB
2731,47015.0,LAX,WDHL
2732,47018.0,LAX,DTLA
2733,47036.0,LAX,PSD
2734,47040.0,LAX,LGB
2735,47063.0,LAX,PSD
2736,47074.0,LAX,ANH
2737,47087.0,LAX,ANH
2738,47110.0,LAX,BVH
2739,47118.0,LAX,ANH
2740,47153.0,LAX,LGB
2741,47187.0,LAX,WDHL
2742,47188.0,LAX,PSD
2743,47196.0,LAX,ANH
2744,47206.0,LAX,DTLA
2745,47234.0,LAX,UVS
2746,47256.0,LAX,LGB
2747,47310.0,LAX,BVH
2748,47316.0,LAX,BVH
2749,47322.0,LAX,WDHL
2750,47346.0,LAX,WDHL
2751,47393.0,LAX,HWD
2752,47400.0,LAX,HWD
2753,47440.0,LAX,HWD
2754,47455.0,LAX,BVH
2755,47470.0,LAX,LGB
2756,47498.0,LAX,LGB
2757,47565.0,LAX,BVH
2758,47600.0,LAX,BVH
2759,47610.0,LAX,HWD
2760,47613.0,LAX,ANH
2761,47614.0,LAX,LGB
2762,47637.0,LAX,ANH
2763,47723.0,LAX,BVH
2764,47790.0,LAX,WDHL
2765,47806.0,LAX,HWD
2766,47933.0,LAX,PSD
2767,47962.0,LAX,ANH
2768,47995.0,LAX,PSD
2769,48020.0,LAX,ANH
2770,48026.0,LAX,ANH
2771,48027.0,LAX,LGB
2772,48038.0,LAX,ANH
2773,48050.0,LAX,PSD
2774,48051.0,LAX,DTLA
2775,48054.0,LAX,LGB
2776,48056.0,LAX,BVH
2777,48061.0,LAX,HWD
2778,48071.0,LAX,ANH
2779,48074.0,LAX,ANH
2780,48086.0,LAX,ANH
2781,48095.0,LAX,ANH
2782,48096.0,LAX,HWD
2783,48113.0,LAX,BVH
2784,48114.0,LAX,LGB
2785,48160.0,LAX,ANH
2786,48165.0,LAX,ANH
2787,48165.0,LAX,ANH
2788,48179.0,LAX,ANH
2789,48188.0,LAX,WDHL
2790,48188.0,LAX,DTLA
2791,48191.0,LAX,HWD
2792,48192.0,LAX,WDHL
2793,48195.0,LAX,LGB
2794,48200.0,LAX,DTLA
2795,48203.0,LAX,DTLA
2796,48205.0,LAX,PSD
2797,48219.0,LAX,DTLA
2798,48227.0,LAX,LGB
2799,48227.0,LAX,LGB
2800,48230.0,LAX,WDHL
2801,48240.0,LAX,LGB
2802,48260.0,LAX,HWD
2803,48268.0,LAX,PSD
2804,48281.0,LAX,DTLA
2805,48360.0,LAX,HWD
2806,48459.0,LAX,DTLA
2807,48478.0,LAX,DTLA
2808,48480.0,LAX,DTLA
2809,48505.0,LAX,ANH
2810,48533.0,LAX,PSD
2811,48603.0,LAX,BVH
2812,48628.0,LAX,HWD
2813,48631.0,LAX,PSD
2814,48649.0,LAX,WDHL
2815,48691.0,LAX,LGB
2816,48696.0,LAX,LGB
2817,48715.0,LAX,HWD
2818,48737.0,LAX,UVS
2819,48763.0,LAX,ANH
2820,48826.0,LAX,LGB
2821,48826.0,LAX,WDHL
2822,48910.0,LAX,BVH
2823,48918.0,LAX,PSD
2824,49089.0,LAX,BVH
2825,49243.0,LAX,DTLA
2826,49300.0,LAX,DTLA
2827,49345.0,LAX,DTLA
2828,49361.0,LAX,ANH
2829,49390.0,LAX,PSD
2830,49470.0,LAX,BVH
2831,49504.0,LAX,HWD
2832,49506.0,LAX,DTLA
2833,49552.0,LAX,ANH
2834,49652.0,LAX,BVH
2835,49706.0,LAX,PSD
2836,49757.0,LAX,DTLA
2837,49758.0,LAX,HWD
2838,50010.0,LAX,PSD
2839,50011.0,LAX,DTLA
2840,50049.0,LAX,HWD
2841,50096.0,LAX,DTLA
2842,50108.0,LAX,LGB
2843,50141.0,LAX,PSD
2844,50153.0,LAX,ANH
2845,50209.0,LAX,PSD
2846,50246.0,LAX,BVH
2847,50249.0,LAX,HWD
2848,50250.0,LAX,ANH
2849,50273.0,LAX,PSD
2850,50285.0,LAX,UVS
2851,50308.0,LAX,ANH
2852,50310.0,LAX,PSD
2853,50397.0,LAX,DTLA
2854,50405.0,LAX,BVH
2855,50444.0,LAX,LGB
2856,50452.0,LAX,ANH
2857,50462.0,LAX,DTLA
2858,50477.0,LAX,DTLA
2859,50496.0,LAX,HWD
2860,50537.0,LAX,HWD
2861,50553.0,LAX,WDHL
2862,50560.0,LAX,DTLA
2863,50597.0,LAX,BVH
2864,50602.0,LAX,LGB
2865,50693.0,LAX,ANH
2866,50697.0,LAX,PSD
2867,50705.0,LAX,ANH
2868,50724.0,LAX,DTLA
2869,50731.0,LAX,PSD
2870,50749.0,LAX,WDHL
2871,50770.0,LAX,UVS
2872,50847.0,LAX,BVH
2873,50857.0,LAX,LGB
2874,50895.0,LAX,UVS
2875,51054.0,LAX,ANH
2876,51361.0,LAX,HWD
2877,51433.0,LAX,ANH
2878,51592.0,LAX,LGB
2879,51634.0,LAX,DTLA
2880,51637.0,LAX,LGB
2881,51638.0,LAX,BVH
2882,51648.0,LAX,PSD
2883,51670.0,LAX,HWD
2884,51694.0,LAX,BVH
2885,51747.0,LAX,DTLA
2886,51804.0,LAX,LGB
2887,51849.0,LAX,HWD
2888,51861.0,LAX,LGB
2889,51862.0,LAX,ANH
2890,51904.0,LAX,ANH
2891,51931.0,LAX,HWD
2892,52100.0,LAX,LGB
2893,52120.0,LAX,DTLA
2894,52135.0,LAX,ANH
2895,52196.0,LAX,ANH
2896,52222.0,LAX,ANH
2897,52251.0,LAX,DTLA
2898,52270.0,LAX,UVS
2899,52305.0,LAX,BVH
2900,52323.0,LAX,LGB
2901,52347.0,LAX,ANH
2902,52354.0,LAX,HWD
2903,52380.0,LAX,DTLA
2904,52391.0,LAX,PSD
2905,52407.0,LAX,DTLA
2906,52413.0,LAX,DTLA
2907,52443.0,LAX,LGB
2908,52448.0,LAX,DTLA
2909,52486.0,LAX,DTLA
2910,52509.0,LAX,LGB
2911,52733.0,LAX,PSD
2912,52739.0,LAX,DTLA
2913,52818.0,LAX,LGB
2914,52827.0,LAX,WDHL
2915,52857.0,LAX,DTLA
2916,52924.0,LAX,BVH
2917,52947.0,LAX,HWD
2918,52968.0,LAX,DTLA
2919,53073.0,LAX,BVH
2920,53095.0,LAX,DTLA
2921,53111.0,LAX,DTLA
2922,53119.0,LAX,BVH
2923,53125.0,LAX,LGB
2924,53128.0,LAX,DTLA
2925,53161.0,LAX,WDHL
2926,53173.0,LAX,ANH
2927,53178.0,LAX,HWD
2928,53357.0,LAX,UVS
2929,53439.0,LAX,DTLA
2930,53457.0,LAX,HWD
2931,53475.0,LAX,DTLA
2932,53538.0,LAX,PSD
2933,53621.0,LAX,ANH
2934,53694.0,LAX,DTLA
2935,53719.0,LAX,PSD
2936,53728.0,LAX,DTLA
2937,53733.0,LAX,LGB
2938,53751.0,LAX,DTLA
2939,53760.0,LAX,DTLA
2940,53796.0,LAX,DTLA
2941,53802.0,LAX,ANH
2942,53804.0,LAX,HWD
2943,53816.0,LAX,PSD
2944,53818.0,LAX,HWD
2945,53849.0,LAX,PSD
2946,53866.0,LAX,HWD
2947,53881.0,LAX,HWD
2948,53988.0,LAX,DTLA
2949,54006.0,LAX,ANH
2950,54025.0,LAX,DTLA
2951,54059.0,LAX,PSD
2952,54067.0,LAX,WDHL
2953,54079.0,LAX,LGB
2954,54265.0,LAX,WDHL
2955,54362.0,LAX,ANH
2956,54377.0,LAX,ANH
2957,54384.0,LAX,ANH
2958,54385.0,LAX,ANH
2959,54399.0,LAX,PSD
2960,54429.0,LAX,WDHL
2961,54498.0,LAX,DTLA
2962,54522.0,LAX,DTLA
2963,54551.0,LAX,BVH
2964,54572.0,LAX,HWD
2965,54586.0,LAX,UVS
2966,54595.0,LAX,ANH
2967,54611.0,LAX,WDHL
2968,54612.0,LAX,LGB
2969,54627.0,LAX,PSD
2970,54715.0,LAX,HWD
2971,54856.0,LAX,LGB
2972,54919.0,LAX,LGB
2973,54933.0,LAX,DTLA
2974,54947.0,LAX,UVS
2975,55009.0,LAX,DTLA
2976,55017.0,LAX,BVH
2977,55050.0,LAX,DTLA
2978,55061.0,LAX,DTLA
2979,55083.0,LAX,LGB
2980,55090.0,LAX,UVS
2981,55098.0,LAX,HWD
2982,55122.0,LAX,ANH
2983,55124.0,LAX,HWD
2984,55139.0,LAX,PSD
2985,55151.0,LAX,LGB
2986,55185.0,LAX,ANH
2987,55216.0,LAX,DTLA
2988,55219.0,LAX,WDHL
2989,55286.0,LAX,ANH
2990,55399.0,LAX,LGB
2991,55440.0,LAX,DTLA
2992,55777.0,LAX,LGB
2993,55823.0,LAX,PSD
2994,55826.0,LAX,ANH
2995,55828.0,LAX,LGB
2996,55828.0,LAX,PSD
2997,55832.0,LAX,BVH
2998,55886.0,LAX,ANH
2999,55891.0,LAX,PSD
3000,55912.0,LAX,HWD
3001,55942.0,LAX,DTLA
3002,55975.0,LAX,DTLA
3003,55977.0,LAX,HWD
3004,56009.0,LAX,DTLA
3005,56011.0,LAX,DTLA
3006,56011.0,LAX,DTLA
3007,56038.0,LAX,LGB
3008,56270.0,LAX,WDHL
3009,56275.0,LAX,DTLA
3010,56281.0,LAX,UVS
3011,56362.0,LAX,LGB
3012,56423.0,LAX,LGB
3013,56450.0,LAX,DTLA
3014,56506.0,LAX,HWD
3015,56524.0,LAX,HWD
3016,56579.0,LAX,PSD
3017,56821.0,LAX,HWD
3018,56905.0,LAX,ANH
3019,56919.0,LAX,DTLA
3020,56983.0,LAX,ANH
3021,57035.0,LAX,ANH
3022,57089.0,LAX,DTLA
3023,57089.0,LAX,DTLA
3024,57147.0,LAX,PSD
3025,57165.0,LAX,ANH
3026,57256.0,LAX,LGB
3027,57261.0,LAX,UVS
3028,57262.0,LAX,UVS
3029,57269.0,LAX,DTLA
3030,57316.0,LAX,HWD
3031,57320.0,LAX,UVS
3032,57370.0,LAX,LGB
3033,57371.0,LAX,ANH
3034,57377.0,LAX,WDHL
3035,57397.0,LAX,ANH
3036,57422.0,LAX,ANH
3037,57429.0,LAX,HWD
3038,57531.0,LAX,HWD
3039,57541.0,LAX,HWD
3040,57553.0,LAX,HWD
3041,57579.0,LAX,DTLA
3042,57602.0,LAX,BVH
3043,57613.0,LAX,BVH
3044,57622.0,LAX,ANH
3045,57643.0,LAX,ANH
3046,57644.0,LAX,DTLA
3047,57647.0,LAX,HWD
3048,57649.0,LAX,ANH
3049,57656.0,LAX,ANH
3050,57657.0,LAX,PSD
3051,57683.0,LAX,UVS
3052,57762.0,LAX,HWD
3053,57773.0,LAX,HWD
3054,57790.0,LAX,DTLA
3055,57864.0,LAX,ANH
3056,57865.0,LAX,UVS
3057,58028.0,LAX,UVS
3058,58049.0,LAX,PSD
3059,58056.0,LAX,DTLA
3060,58074.0,LAX,ANH
3061,58100.0,LAX,LGB
3062,58107.0,LAX,ANH
3063,58160.0,LAX,ANH
3064,58249.0,LAX,DTLA
3065,58288.0,LAX,DTLA
3066,58291.0,LAX,HWD
3067,58302.0,LAX,PSD
3068,58334.0,LAX,DTLA
3069,58341.0,LAX,ANH
3070,58373.0,LAX,BVH
3071,58382.0,LAX,BVH
3072,58403.0,LAX,BVH
3073,58488.0,LAX,HWD
3074,58536.0,LAX,ANH
3075,58546.0,LAX,LGB
3076,58571.0,LAX,BVH
3077,58588.0,LAX,DTLA
3078,58670.0,LAX,UVS
3079,58691.0,LAX,DTLA
3080,58721.0,LAX,HWD
3081,58766.0,LAX,LGB
3082,58769.0,LAX,ANH
3083,58975.0,LAX,ANH
3084,58979.0,LAX,PSD
3085,58990.0,LAX,ANH
3086,58991.0,LAX,HWD
3087,59004.0,LAX,HWD
3088,59017.0,LAX,ANH
3089,59061.0,LAX,PSD
3090,59072.0,LAX,LGB
3091,59073.0,LAX,ANH
3092,59133.0,LAX,DTLA
3093,59197.0,LAX,WDHL
3094,59203.0,LAX,DTLA
3095,59291.0,LAX,HWD
3096,59328.0,LAX,BVH
3097,59362.0,LAX,DTLA
3098,59366.0,LAX,UVS
3099,59382.0,LAX,BVH
3100,59402.0,LAX,HWD
3101,59415.0,LAX,LGB
3102,59436.0,LAX,PSD
3103,59440.0,LAX,PSD
3104,59468.0,LAX,ANH
3105,59480.0,LAX,ANH
3106,59485.0,LAX,UVS
3107,59486.0,LAX,HWD
3108,59488.0,LAX,DTLA
3109,59491.0,LAX,PSD
3110,59492.0,LAX,DTLA
3111,59496.0,LAX,HWD
3112,59505.0,LAX,HWD
3113,59507.0,LAX,ANH
3114,59518.0,LAX,PSD
3115,59550.0,LAX,LGB
3116,59551.0,LAX,DTLA
3117,59579.0,LAX,WDHL
3118,59589.0,LAX,ANH
3119,59615.0,LAX,PSD
3120,59715.0,LAX,BVH
3121,59799.0,LAX,HWD
3122,59940.0,LAX,ANH
3123,60018.0,LAX,UVS
3124,60062.0,LAX,WDHL
3125,60101.0,LAX,HWD
3126,60168.0,LAX,DTLA
3127,60197.0,LAX,PSD
3128,60231.0,LAX,PSD
3129,60265.0,LAX,ANH
3130,60265.0,LAX,HWD
3131,60278.0,LAX,PSD
3132,60290.0,LAX,DTLA
3133,60290.0,LAX,ANH
3134,60317.0,LAX,HWD
3135,60328.0,LAX,PSD
3136,60345.0,LAX,LGB
3137,60391.0,LAX,HWD
3138,60402.0,LAX,UVS
3139,60469.0,LAX,LGB
3140,60471.0,LAX,BVH
3141,60497.0,LAX,DTLA
3142,60527.0,LAX,LGB
3143,60540.0,LAX,LGB
3144,60558.0,LAX,DTLA
3145,60579.0,LAX,ANH
3146,60631.0,LAX,HWD
3147,60771.0,LAX,ANH
3148,60826.0,LAX,DTLA
3149,60894.0,LAX,WDHL
3150,60917.0,LAX,DTLA
3151,61099.0,LAX,WDHL
3152,61125.0,LAX,ANH
3153,61166.0,LAX,DTLA
3154,61174.0,LAX,DTLA
3155,61179.0,LAX,HWD
3156,61182.0,LAX,DTLA
3157,61206.0,LAX,HWD
3158,61220.0,LAX,HWD
3159,61261.0,LAX,DTLA
3160,61275.0,LAX,HWD
3161,61344.0,LAX,PSD
3162,61351.0,LAX,HWD
3163,61387.0,LAX,LGB
3164,61441.0,LAX,DTLA
3165,61676.0,LAX,ANH
3166,61699.0,LAX,BVH
3167,61836.0,LAX,DTLA
3168,61852.0,LAX,LGB
3169,61861.0,LAX,ANH
3170,61864.0,LAX,PSD
3171,61873.0,LAX,DTLA
3172,61908.0,LAX,ANH
3173,61916.0,LAX,HWD
3174,61950.0,LAX,DTLA
3175,61954.0,LAX,DTLA
3176,61990.0,LAX,BVH
3177,61991.0,LAX,UVS
3178,62039.0,LAX,WDHL
3179,62055.0,LAX,WDHL
3180,62090.0,LAX,PSD
3181,62131.0,LAX,DTLA
3182,62274.0,LAX,BVH
3183,62300.0,LAX,WDHL
3184,62331.0,LAX,LGB
3185,62334.0,LAX,DTLA
3186,62361.0,LAX,PSD
3187,62364.0,LAX,BVH
3188,62398.0,LAX,PSD
3189,62429.0,LAX,HWD
3190,62439.0,LAX,DTLA
3191,62572.0,LAX,DTLA
3192,62698.0,LAX,ANH
3193,62708.0,LAX,WDHL
3194,62869.0,LAX,PSD
3195,62881.0,LAX,HWD
3196,62884.0,LAX,ANH
3197,62888.0,LAX,HWD
3198,62889.0,LAX,LGB
3199,62981.0,LAX,BVH
3200,62987.0,LAX,DTLA
3201,63008.0,LAX,DTLA
3202,63088.0,LAX,HWD
3203,63413.0,LAX,ANH
3204,63496.0,LAX,BVH
3205,63508.0,LAX,DTLA
3206,63526.0,LAX,DTLA
3207,63537.0,LAX,DTLA
3208,63557.0,LAX,WDHL
3209,63607.0,LAX,PSD
3210,63650.0,LAX,DTLA
3211,63720.0,LAX,ANH
3212,63757.0,LAX,LGB
3213,63782.0,LAX,DTLA
3214,63813.0,LAX,ANH
3215,63813.0,LAX,DTLA
3216,63867.0,LAX,PSD
3217,63933.0,LAX,ANH
3218,63952.0,LAX,BVH
3219,63975.0,LAX,ANH
3220,63996.0,LAX,UVS
3221,64008.0,LAX,DTLA
3222,64011.0,LAX,PSD
3223,64021.0,LAX,ANH
3224,64081.0,LAX,DTLA
3225,64142.0,LAX,DTLA
3226,64190.0,LAX,HWD
3227,64251.0,LAX,BVH
3228,64334.0,LAX,DTLA
3229,64352.0,LAX,BVH
3230,64353.0,LAX,BVH
3231,64386.0,LAX,DTLA
3232,64405.0,LAX,LGB
3233,64414.0,LAX,HWD
3234,64417.0,LAX,BVH
3235,64418.0,LAX,ANH
3236,64420.0,LAX,LGB
3237,64429.0,LAX,ANH
3238,64451.0,LAX,ANH
3239,64477.0,LAX,PSD
3240,64494.0,LAX,ANH
3241,64630.0,LAX,ANH
3242,64649.0,LAX,ANH
3243,64713.0,LAX,WDHL
3244,64739.0,LAX,LGB
3245,64754.0,LAX,DTLA
3246,64809.0,LAX,WDHL
3247,64811.0,LAX,PSD
3248,64846.0,LAX,ANH
3249,64857.0,LAX,HWD
3250,65040.0,LAX,BVH
3251,65062.0,LAX,ANH
3252,65070.0,LAX,UVS
3253,65083.0,LAX,ANH
3254,65085.0,LAX,HWD
3255,65093.0,LAX,DTLA
3256,65101.0,LAX,PSD
3257,65112.0,LAX,PSD
3258,65123.0,LAX,WDHL
3259,65146.0,LAX,PSD
3260,65162.0,LAX,DTLA
3261,65162.0,LAX,ANH
3262,65170.0,LAX,LGB
3263,65178.0,LAX,ANH
3264,65194.0,LAX,BVH
3265,65210.0,LAX,UVS
3266,65215.0,LAX,PSD
3267,65220.0,LAX,DTLA
3268,65244.0,LAX,DTLA
3269,65266.0,LAX,DTLA
3270,65268.0,LAX,HWD
3271,65364.0,LAX,HWD
3272,65533.0,LAX,ANH
3273,65557.0,LAX,DTLA
3274,65582.0,LAX,DTLA
3275,65617.0,LAX,DTLA
3276,65637.0,LAX,BVH
3277,65642.0,LAX,PSD
3278,65646.0,LAX,BVH
3279,65699.0,LAX,LGB
3280,65928.0,LAX,PSD
3281,66451.0,LAX,ANH
3282,66515.0,LAX,HWD
3283,66523.0,LAX,DTLA
3284,66535.0,LAX,PSD
3285,66618.0,LAX,DTLA
3286,66675.0,LAX,ANH
3287,66747.0,LAX,ANH
3288,66756.0,LAX,UVS
3289,66768.0,LAX,ANH
3290,66769.0,LAX,DTLA
3291,66837.0,LAX,BVH
3292,66845.0,LAX,ANH
3293,66864.0,LAX,HWD
3294,66915.0,LAX,WDHL
3295,66919.0,LAX,BVH
3296,66920.0,LAX,LGB
3297,66952.0,LAX,ANH
3298,66953.0,LAX,LGB
3299,66963.0,LAX,LGB
3300,66966.0,LAX,PSD
3301,67011.0,LAX,WDHL
3302,67012.0,LAX,UVS
3303,67029.0,LAX,UVS
3304,67124.0,LAX,ANH
3305,67150.0,LAX,ANH
3306,67275.0,LAX,LGB
3307,67311.0,LAX,LGB
3308,67352.0,LAX,PSD
3309,67360.0,LAX,HWD
3310,67415.0,LAX,WDHL
3311,67490.0,LAX,DTLA
3312,67551.0,LAX,HWD
3313,67577.0,LAX,PSD
3314,67615.0,LAX,WDHL
3315,67618.0,LAX,ANH
3316,67666.0,LAX,DTLA
3317,67667.0,LAX,DTLA
3318,67675.0,LAX,DTLA
3319,67720.0,LAX,WDHL
3320,67734.0,LAX,PSD
3321,67805.0,LAX,ANH
3322,67857.0,LAX,DTLA
3323,67871.0,LAX,ANH
3324,67935.0,LAX,ANH
3325,67937.0,LAX,HWD
3326,67969.0,LAX,DTLA
3327,67991.0,LAX,WDHL
3328,68001.0,LAX,ANH
3329,68021.0,LAX,DTLA
3330,68070.0,LAX,LGB
3331,68130.0,LAX,LGB
3332,68133.0,LAX,UVS
3333,68171.0,LAX,LGB
3334,68239.0,LAX,PSD
3335,68251.0,LAX,ANH
3336,68284.0,LAX,PSD
3337,68290.0,LAX,WDHL
3338,68323.0,LAX,ANH
3339,68335.0,LAX,UVS
3340,68354.0,LAX,DTLA
3341,68364.0,LAX,DTLA
3342,68426.0,LAX,HWD
3343,68456.0,LAX,BVH
3344,68457.0,LAX,HWD
3345,68471.0,LAX,HWD
3346,68472.0,LAX,BVH
3347,68515.0,LAX,DTLA
3348,68518.0,LAX,ANH
3349,68522.0,LAX,ANH
3350,68530.0,LAX,UVS
3351,68537.0,LAX,DTLA
3352,68570.0,LAX,PSD
3353,68589.0,LAX,BVH
3354,68638.0,LAX,LGB
3355,68640.0,LAX,LGB
3356,68679.0,LAX,ANH
3357,68723.0,LAX,DTLA
3358,68731.0,LAX,HWD
3359,68751.0,LAX,HWD
3360,68761.0,LAX,DTLA
3361,68780.0,LAX,WDHL
3362,68948.0,LAX,DTLA
3363,68974.0,LAX,LGB
3364,69081.0,LAX,DTLA
3365,69105.0,LAX,DTLA
3366,69121.0,LAX,PSD
3367,69135.0,LAX,UVS
3368,69155.0,LAX,HWD
3369,69190.0,LAX,DTLA
3370,69218.0,LAX,DTLA
3371,69225.0,LAX,BVH
3372,69225.0,LAX,BVH
3373,69266.0,LAX,LGB
3374,69300.0,LAX,PSD
3375,69308.0,LAX,ANH
3376,69309.0,LAX,LGB
3377,69311.0,LAX,HWD
3378,69354.0,LAX,DTLA
3379,69358.0,LAX,DTLA
3380,69362.0,LAX,WDHL
3381,69370.0,LAX,DTLA
3382,69379.0,LAX,HWD
3383,69383.0,LAX,WDHL
3384,69393.0,LAX,WDHL
3385,69395.0,LAX,DTLA
3386,69436.0,LAX,UVS
3387,69438.0,LAX,DTLA
3388,69445.0,LAX,HWD
3389,69492.0,LAX,LGB
3390,69514.0,LAX,LGB
3391,69518.0,LAX,PSD
3392,69518.0,LAX,ANH
3393,69523.0,LAX,ANH
3394,69541.0,LAX,DTLA
3395,69561.0,LAX,LGB
3396,69607.0,LAX,DTLA
3397,69609.0,LAX,PSD
3398,69611.0,LAX,WDHL
3399,69617.0,LAX,LGB
3400,69635.0,LAX,WDHL
3401,69872.0,LAX,LGB
3402,69896.0,LAX,LGB
3403,69917.0,LAX,ANH
3404,69939.0,LAX,PSD
3405,69943.0,LAX,HWD
3406,69946.0,LAX,DTLA
3407,69993.0,LAX,ANH
3408,70023.0,LAX,ANH
3409,70047.0,LAX,ANH
3410,70068.0,LAX,PSD
3411,70072.0,LAX,HWD
3412,70078.0,LAX,HWD
3413,70086.0,LAX,DTLA
3414,70091.0,LAX,UVS
3415,70107.0,LAX,DTLA
3416,70119.0,LAX,ANH
3417,70122.0,LAX,DTLA
3418,70152.0,LAX,LGB
3419,70195.0,LAX,WDHL
3420,70196.0,LAX,LGB
3421,70214.0,LAX,HWD
3422,70215.0,LAX,LGB
3423,70221.0,LAX,DTLA
3424,70235.0,LAX,WDHL
3425,70256.0,LAX,WDHL
3426,70258.0,LAX,UVS
3427,70263.0,LAX,PSD
3428,70269.0,LAX,ANH
3429,70292.0,LAX,PSD
3430,70313.0,LAX,LGB
3431,70328.0,LAX,HWD
3432,70335.0,LAX,PSD
3433,70344.0,LAX,PSD
3434,70346.0,LAX,ANH
3435,70361.0,LAX,PSD
3436,70369.0,LAX,HWD
3437,70385.0,LAX,WDHL
3438,70392.0,LAX,HWD
3439,70394.0,LAX,PSD
3440,70395.0,LAX,DTLA
3441,70400.0,LAX,HWD
3442,70450.0,LAX,DTLA
3443,70516.0,LAX,BVH
3444,70572.0,LAX,PSD
3445,70619.0,LAX,UVS
3446,70641.0,LAX,DTLA
3447,70681.0,LAX,DTLA
3448,70681.0,LAX,LGB
3449,70706.0,LAX,DTLA
3450,70709.0,LAX,BVH
3451,70753.0,LAX,ANH
3452,70755.0,LAX,WDHL
3453,70764.0,LAX,DTLA
3454,70769.0,LAX,LGB
3455,70809.0,LAX,ANH
3456,70820.0,LAX,LGB
3457,70823.0,LAX,ANH
3458,70825.0,LAX,LGB
3459,70830.0,LAX,DTLA
3460,70859.0,LAX,ANH
3461,70867.0,LAX,HWD
3462,70873.0,LAX,DTLA
3463,70927.0,LAX,DTLA
3464,70929.0,LAX,PSD
3465,70946.0,LAX,PSD
3466,70950.0,LAX,DTLA
3467,70960.0,LAX,PSD
3468,71007.0,LAX,UVS
3469,71013.0,LAX,LGB
3470,71046.0,LAX,BVH
3471,71074.0,LAX,ANH
3472,71094.0,LAX,DTLA
3473,71100.0,LAX,DTLA
3474,71103.0,LAX,DTLA
3475,71111.0,LAX,ANH
3476,71111.0,LAX,LGB
3477,71143.0,LAX,LGB
3478,71169.0,LAX,DTLA
3479,71171.0,LAX,BVH
3480,71192.0,LAX,DTLA
3481,71195.0,LAX,HWD
3482,71205.0,LAX,DTLA
3483,71216.0,LAX,DTLA
3484,71359.0,LAX,DTLA
3485,71396.0,LAX,ANH
3486,71404.0,LAX,HWD
3487,71413.0,LAX,ANH
3488,71454.0,LAX,DTLA
3489,71459.0,LAX,DTLA
3490,71461.0,LAX,LGB
3491,71467.0,LAX,BVH
3492,71492.0,LAX,WDHL
3493,71496.0,LAX,HWD
3494,71519.0,LAX,LGB
3495,71523.0,LAX,LGB
3496,71572.0,LAX,DTLA
3497,71612.0,LAX,ANH
3498,71730.0,LAX,BVH
3499,71732.0,LAX,HWD
3500,71862.0,LAX,BVH
3501,71871.0,LAX,HWD
3502,71873.0,LAX,LGB
3503,71924.0,LAX,ANH
3504,71936.0,LAX,ANH
3505,71952.0,LAX,ANH
3506,72134.0,LAX,PSD
3507,72145.0,LAX,UVS
3508,72216.0,LAX,LGB
3509,72230.0,LAX,LGB
3510,72233.0,LAX,LGB
3511,72262.0,LAX,LGB
3512,72297.0,LAX,DTLA
3513,72302.0,LAX,DTLA
3514,72354.0,LAX,WDHL
3515,72355.0,LAX,DTLA
3516,72397.0,LAX,WDHL
3517,72629.0,LAX,DTLA
3518,72689.0,LAX,ANH
3519,72769.0,LAX,ANH
3520,72777.0,LAX,WDHL
3521,72805.0,LAX,DTLA
3522,72806.0,LAX,ANH
3523,72857.0,LAX,DTLA
3524,72929.0,LAX,ANH
3525,72932.0,LAX,DTLA
3526,72932.0,LAX,ANH
3527,72935.0,LAX,HWD
3528,72945.0,LAX,DTLA
3529,72962.0,LAX,DTLA
3530,72972.0,LAX,ANH
3531,72982.0,LAX,BVH
3532,72995.0,LAX,DTLA
3533,73003.0,LAX,BVH
3534,73011.0,LAX,HWD
3535,73020.0,LAX,DTLA
3536,73029.0,LAX,PSD
3537,73065.0,LAX,LGB
3538,73072.0,LAX,ANH
3539,73096.0,LAX,ANH
3540,73104.0,LAX,DTLA
3541,73107.0,LAX,PSD
3542,73108.0,LAX,DTLA
3543,73131.0,LAX,ANH
3544,73133.0,LAX,WDHL
3545,73145.0,LAX,DTLA
3546,73171.0,LAX,WDHL
3547,73195.0,LAX,PSD
3548,73227.0,LAX,PSD
3549,73260.0,LAX,DTLA
3550,73334.0,LAX,DTLA
3551,73483.0,LAX,DTLA
3552,73516.0,LAX,HWD
3553,73586.0,LAX,LGB
3554,73609.0,LAX,ANH
3555,73700.0,LAX,LGB
3556,73724.0,LAX,ANH
3557,73729.0,LAX,LGB
3558,73735.0,LAX,DTLA
3559,73741.0,LAX,LGB
3560,73752.0,LAX,PSD
3561,73754.0,LAX,WDHL
3562,73764.0,LAX,PSD
3563,73775.0,LAX,BVH
3564,73790.0,LAX,BVH
3565,73792.0,LAX,ANH
3566,73806.0,LAX,DTLA
3567,73816.0,LAX,HWD
3568,73825.0,LAX,DTLA
3569,73829.0,LAX,ANH
3570,73852.0,LAX,ANH
3571,73857.0,LAX,HWD
3572,73869.0,LAX,DTLA
3573,73934.0,LAX,HWD
3574,73976.0,LAX,ANH
3575,74085.0,LAX,DTLA
3576,74116.0,LAX,HWD
3577,74125.0,LAX,ANH
3578,74154.0,LAX,LGB
3579,74174.0,LAX,WDHL
3580,74195.0,LAX,ANH
3581,74482.0,LAX,BVH
3582,74574.0,LAX,HWD
3583,74594.0,LAX,LGB
3584,74601.0,LAX,PSD
3585,74632.0,LAX,HWD
3586,74635.0,LAX,LGB
3587,74640.0,LAX,LGB
3588,74656.0,LAX,ANH
3589,74676.0,LAX,DTLA
3590,74740.0,LAX,LGB
3591,74781.0,LAX,ANH
3592,74815.0,LAX,LGB
3593,74819.0,LAX,ANH
3594,74829.0,LAX,BVH
3595,74866.0,LAX,DTLA
3596,74882.0,LAX,LGB
3597,74891.0,LAX,ANH
3598,74932.0,LAX,DTLA
3599,74960.0,LAX,ANH
3600,75028.0,LAX,DTLA
3601,75055.0,LAX,BVH
3602,75056.0,LAX,ANH
3603,75103.0,LAX,HWD
3604,75112.0,LAX,HWD
3605,75167.0,LAX,HWD
3606,75209.0,LAX,DTLA
3607,75242.0,LAX,BVH
3608,75305.0,LAX,WDHL
3609,75305.0,LAX,ANH
3610,75342.0,LAX,ANH
3611,75344.0,LAX,HWD
3612,75347.0,LAX,DTLA
3613,75355.0,LAX,LGB
3614,75412.0,LAX,UVS
3615,75454.0,LAX,ANH
3616,75465.0,LAX,DTLA
3617,75515.0,LAX,ANH
3618,75516.0,LAX,ANH
3619,75529.0,LAX,HWD
3620,75554.0,LAX,DTLA
3621,75577.0,LAX,HWD
3622,75620.0,LAX,ANH
3623,75634.0,LAX,BVH
3624,75660.0,LAX,DTLA
3625,75670.0,LAX,ANH
3626,75684.0,LAX,UVS
3627,75707.0,LAX,PSD
3628,75707.0,LAX,ANH
3629,75753.0,LAX,ANH
3630,75755.0,LAX,LGB
3631,75766.0,LAX,ANH
3632,75804.0,LAX,UVS
3633,75820.0,LAX,HWD
3634,75886.0,LAX,PSD
3635,75951.0,LAX,HWD
3636,75953.0,LAX,LGB
3637,75972.0,LAX,UVS
3638,75976.0,LAX,LGB
3639,75987.0,LAX,LGB
3640,75992.0,LAX,DTLA
3641,76017.0,LAX,ANH
3642,76029.0,LAX,DTLA
3643,76031.0,LAX,ANH
3644,76044.0,LAX,DTLA
3645,76081.0,LAX,WDHL
3646,76087.0,LAX,PSD
3647,76091.0,LAX,DTLA
3648,76118.0,LAX,ANH
3649,76139.0,LAX,ANH
3650,76147.0,LAX,DTLA
3651,76150.0,LAX,BVH
3652,76159.0,LAX,DTLA
3653,76174.0,LAX,BVH
3654,76174.0,LAX,DTLA
3655,76187.0,LAX,HWD
3656,76215.0,LAX,DTLA
3657,76251.0,LAX,LGB
3658,76257.0,LAX,DTLA
3659,76258.0,LAX,HWD
3660,76331.0,LAX,PSD
3661,76362.0,LAX,UVS
3662,76376.0,LAX,UVS
3663,76427.0,LAX,LGB
3664,76441.0,LAX,ANH
3665,76524.0,LAX,ANH
3666,76536.0,LAX,ANH
3667,76542.0,LAX,ANH
3668,76542.0,LAX,HWD
3669,76543.0,LAX,DTLA
3670,76550.0,LAX,UVS
3671,76558.0,LAX,DTLA
3672,76558.0,LAX,PSD
3673,76558.0,LAX,DTLA
3674,76596.0,LAX,DTLA
3675,76614.0,LAX,ANH
3676,76618.0,LAX,UVS
3677,76657.0,LAX,ANH
3678,76705.0,LAX,HWD
3679,76707.0,LAX,DTLA
3680,76731.0,LAX,HWD
3681,76734.0,LAX,DTLA
3682,76742.0,LAX,BVH
3683,76782.0,LAX,PSD
3684,76801.0,LAX,HWD
3685,76809.0,LAX,ANH
3686,76814.0,LAX,DTLA
3687,76822.0,LAX,HWD
3688,76827.0,LAX,UVS
3689,76884.0,LAX,LGB
3690,76942.0,LAX,LGB
3691,76997.0,LAX,HWD
3692,77049.0,LAX,ANH
3693,77074.0,LAX,ANH
3694,77110.0,LAX,BVH
3695,77112.0,LAX,ANH
3696,77118.0,LAX,HWD
3697,77144.0,LAX,HWD
3698,77148.0,LAX,DTLA
3699,77151.0,LAX,DTLA
3700,77174.0,LAX,ANH
3701,77184.0,LAX,LGB
3702,77189.0,LAX,HWD
3703,77262.0,LAX,HWD
3704,77278.0,LAX,DTLA
3705,77284.0,LAX,WDHL
3706,77315.0,LAX,WDHL
3707,77360.0,LAX,DTLA
3708,77361.0,LAX,ANH
3709,77366.0,LAX,BVH
3710,77375.0,LAX,ANH
3711,77379.0,LAX,UVS
3712,77392.0,LAX,DTLA
3713,77431.0,LAX,LGB
3714,77442.0,LAX,BVH
3715,77591.0,LAX,HWD
3716,77684.0,LAX,ANH
3717,77725.0,LAX,BVH
3718,77829.0,LAX,DTLA
3719,77833.0,LAX,PSD
3720,77848.0,LAX,ANH
3721,77856.0,LAX,DTLA
3722,77883.0,LAX,DTLA
3723,77892.0,LAX,ANH
3724,77925.0,LAX,HWD
3725,77941.0,LAX,ANH
3726,77943.0,LAX,WDHL
3727,77948.0,LAX,ANH
3728,77961.0,LAX,LGB
3729,77979.0,LAX,HWD
3730,78064.0,LAX,DTLA
3731,78066.0,LAX,LGB
3732,78083.0,LAX,WDHL
3733,78105.0,LAX,ANH
3734,78112.0,LAX,HWD
3735,78118.0,LAX,PSD
3736,78159.0,LAX,HWD
3737,78198.0,LAX,HWD
3738,78470.0,LAX,DTLA
3739,78511.0,LAX,DTLA
3740,78515.0,LAX,LGB
3741,78552.0,LAX,PSD
3742,78584.0,LAX,HWD
3743,78595.0,LAX,ANH
3744,78616.0,LAX,DTLA
3745,78620.0,LAX,DTLA
3746,78630.0,LAX,DTLA
3747,78639.0,LAX,BVH
3748,78648.0,LAX,PSD
3749,78655.0,LAX,LGB
3750,78684.0,LAX,DTLA
3751,78709.0,LAX,ANH
3752,78709.0,LAX,PSD
3753,78723.0,LAX,HWD
3754,78747.0,LAX,WDHL
3755,78758.0,LAX,ANH
3756,78760.0,LAX,LGB
3757,78771.0,LAX,LGB
3758,78782.0,LAX,HWD
3759,78786.0,LAX,LGB
3760,78816.0,LAX,DTLA
3761,78901.0,LAX,BVH
3762,78922.0,LAX,BVH
3763,78928.0,LAX,UVS
3764,78932.0,LAX,DTLA
3765,78971.0,LAX,DTLA
3766,78997.0,LAX,PSD
3767,79006.0,LAX,DTLA
3768,79019.0,LAX,PSD
3769,79022.0,LAX,ANH
3770,79058.0,LAX,DTLA
3771,79084.0,LAX,LGB
3772,79145.0,LAX,DTLA
3773,79353.0,LAX,HWD
3774,79382.0,LAX,DTLA
3775,79437.0,LAX,BVH
3776,79477.0,LAX,HWD
3777,79497.0,LAX,ANH
3778,79505.0,LAX,PSD
3779,79505.0,LAX,BVH
3780,79506.0,LAX,LGB
3781,79506.0,LAX,BVH
3782,79511.0,LAX,DTLA
3783,79513.0,LAX,ANH
3784,79536.0,LAX,BVH
3785,79563.0,LAX,DTLA
3786,79579.0,LAX,DTLA
3787,79580.0,LAX,DTLA
3788,79614.0,LAX,DTLA
3789,79630.0,LAX,ANH
3790,79635.0,LAX,ANH
3791,79638.0,LAX,LGB
3792,79645.0,LAX,LGB
3793,79647.0,LAX,DTLA
3794,79670.0,LAX,ANH
3795,79674.0,LAX,ANH
3796,79684.0,LAX,DTLA
3797,79687.0,LAX,HWD
3798,79693.0,LAX,LGB
3799,79699.0,LAX,LGB
3800,79709.0,LAX,DTLA
3801,79711.0,LAX,UVS
3802,79728.0,LAX,ANH
3803,79736.0,LAX,DTLA
3804,79763.0,LAX,ANH
3805,79767.0,LAX,LGB
3806,79778.0,LAX,PSD
3807,79785.0,LAX,ANH
3808,79786.0,LAX,DTLA
3809,79806.0,LAX,BVH
3810,79819.0,LAX,DTLA
3811,79826.0,LAX,PSD
3812,79829.0,LAX,PSD
3813,79832.0,LAX,HWD
3814,79847.0,LAX,HWD
3815,79847.0,LAX,ANH
3816,79856.0,LAX,HWD
3817,79858.0,LAX,DTLA
3818,79882.0,LAX,WDHL
3819,79890.0,LAX,UVS
3820,79916.0,LAX,ANH
3821,79946.0,LAX,ANH
3822,79987.0,LAX,DTLA
3823,80015.0,LAX,HWD
3824,80024.0,LAX,DTLA
3825,80028.0,LAX,PSD
3826,80061.0,LAX,LGB
3827,80076.0,LAX,ANH
3828,80077.0,LAX,ANH
3829,80109.0,LAX,ANH
3830,80155.0,LAX,PSD
3831,80167.0,LAX,WDHL
3832,80177.0,LAX,UVS
3833,80181.0,LAX,PSD
3834,80207.0,LAX,LGB
3835,80208.0,LAX,ANH
3836,80223.0,LAX,WDHL
3837,80257.0,LAX,ANH
3838,80258.0,LAX,ANH
3839,80265.0,LAX,HWD
3840,80276.0,LAX,PSD
3841,80277.0,LAX,LGB
3842,80298.0,LAX,ANH
3843,80373.0,LAX,ANH
3844,80379.0,LAX,ANH
3845,80388.0,LAX,ANH
3846,80397.0,LAX,DTLA
3847,80402.0,LAX,LGB
3848,80409.0,LAX,PSD
3849,80432.0,LAX,UVS
3850,80499.0,LAX,LGB
3851,80582.0,LAX,ANH
3852,80586.0,LAX,HWD
3853,80595.0,LAX,PSD
3854,80608.0,LAX,DTLA
3855,80648.0,LAX,DTLA
3856,80799.0,LAX,HWD
3857,80899.0,LAX,DTLA
3858,80946.0,LAX,DTLA
3859,80982.0,LAX,PSD
3860,81031.0,LAX,HWD
3861,81065.0,LAX,DTLA
3862,81103.0,LAX,LGB
3863,81104.0,LAX,DTLA
3864,81126.0,LAX,LGB
3865,81180.0,LAX,HWD
3866,81187.0,LAX,BVH
3867,81192.0,LAX,DTLA
3868,81192.0,LAX,WDHL
3869,81200.0,LAX,DTLA
3870,81246.0,LAX,PSD
3871,81263.0,LAX,HWD
3872,81291.0,LAX,DTLA
3873,81297.0,LAX,LGB
3874,81317.0,LAX,ANH
3875,81371.0,LAX,HWD
3876,81423.0,LAX,HWD
3877,81445.0,LAX,BVH
3878,81455.0,LAX,ANH
3879,81471.0,LAX,HWD
3880,81484.0,LAX,ANH
3881,81485.0,LAX,BVH
3882,81494.0,LAX,ANH
3883,81539.0,LAX,HWD
3884,81618.0,LAX,DTLA
3885,81624.0,LAX,DTLA
3886,81632.0,LAX,HWD
3887,81633.0,LAX,ANH
3888,81640.0,LAX,PSD
3889,81648.0,LAX,LGB
3890,81650.0,LAX,BVH
3891,81685.0,LAX,DTLA
3892,81687.0,LAX,PSD
3893,81707.0,LAX,ANH
3894,81723.0,LAX,DTLA
3895,81735.0,LAX,HWD
3896,81743.0,LAX,DTLA
3897,81747.0,LAX,HWD
3898,81756.0,LAX,LGB
3899,81771.0,LAX,LGB
3900,81772.0,LAX,UVS
3901,81808.0,LAX,HWD
3902,81814.0,LAX,PSD
3903,81814.0,LAX,DTLA
3904,81832.0,LAX,WDHL
3905,81861.0,LAX,HWD
3906,82307.0,LAX,ANH
3907,82335.0,LAX,WDHL
3908,82338.0,LAX,WDHL
3909,82344.0,LAX,HWD
3910,82357.0,LAX,HWD
3911,82395.0,LAX,WDHL
3912,82429.0,LAX,PSD
3913,82450.0,LAX,BVH
3914,82450.0,LAX,UVS
3915,82482.0,LAX,UVS
3916,82503.0,LAX,DTLA
3917,82519.0,LAX,LGB
3918,82541.0,LAX,BVH
3919,82558.0,LAX,ANH
3920,82567.0,LAX,DTLA
3921,82614.0,LAX,BVH
3922,82623.0,LAX,DTLA
3923,82640.0,LAX,BVH
3924,82656.0,LAX,DTLA
3925,82661.0,LAX,LGB
3926,82678.0,LAX,DTLA
3927,82709.0,LAX,DTLA
3928,82746.0,LAX,LGB
3929,82781.0,LAX,DTLA
3930,82798.0,LAX,DTLA
3931,82904.0,LAX,BVH
3932,82913.0,LAX,HWD
3933,82980.0,LAX,ANH
3934,83282.0,LAX,LGB
3935,83320.0,LAX,LGB
3936,83320.0,LAX,ANH
3937,83320.0,LAX,LGB
3938,83332.0,LAX,DTLA
3939,83345.0,LAX,LGB
3940,83374.0,LAX,UVS
3941,83458.0,LAX,PSD
3942,83583.0,LAX,BVH
3943,83775.0,LAX,BVH
3944,83782.0,LAX,HWD
3945,83846.0,LAX,DTLA
3946,83890.0,LAX,LGB
3947,83892.0,LAX,LGB
3948,83936.0,LAX,ANH
3949,83982.0,LAX,LGB
3950,83986.0,LAX,LGB
3951,84019.0,LAX,HWD
3952,84021.0,LAX,ANH
3953,84055.0,LAX,DTLA
3954,84095.0,LAX,PSD
3955,84097.0,LAX,DTLA
3956,84115.0,LAX,PSD
3957,84137.0,LAX,DTLA
3958,84154.0,LAX,LGB
3959,84168.0,LAX,DTLA
3960,84204.0,LAX,ANH
3961,84245.0,LAX,LGB
3962,84250.0,LAX,PSD
3963,84255.0,LAX,PSD
3964,84273.0,LAX,LGB
3965,84281.0,LAX,PSD
3966,84293.0,LAX,ANH
3967,84302.0,LAX,UVS
3968,84326.0,LAX,DTLA
3969,84345.0,LAX,ANH
3970,84369.0,LAX,DTLA
3971,84371.0,LAX,ANH
3972,84371.0,LAX,BVH
3973,84401.0,LAX,DTLA
3974,84486.0,LAX,DTLA
3975,84549.0,LAX,DTLA
3976,84596.0,LAX,ANH
3977,84600.0,LAX,HWD
3978,84664.0,LAX,LGB
3979,84705.0,LAX,DTLA
3980,84812.0,LAX,LGB
3981,84929.0,LAX,DTLA
3982,85003.0,LAX,ANH
3983,85006.0,LAX,HWD
3984,85040.0,LAX,LGB
3985,85043.0,LAX,BVH
3986,85046.0,LAX,LGB
3987,85055.0,LAX,PSD
3988,85132.0,LAX,PSD
3989,85150.0,LAX,ANH
3990,85171.0,LAX,DTLA
3991,85174.0,LAX,UVS
3992,85176.0,LAX,DTLA
3993,85180.0,LAX,DTLA
3994,85208.0,LAX,ANH
3995,85211.0,LAX,LGB
3996,85212.0,LAX,ANH
3997,85225.0,LAX,DTLA
3998,85247.0,LAX,PSD
3999,85253.0,LAX,ANH
4000,85285.0,LAX,DTLA
4001,85303.0,LAX,HWD
4002,85305.0,LAX,PSD
4003,85318.0,LAX,DTLA
4004,85322.0,LAX,ANH
4005,85364.0,LAX,DTLA
4006,85424.0,LAX,PSD
4007,85434.0,LAX,DTLA
4008,85455.0,LAX,HWD
4009,85527.0,LAX,LGB
4010,85615.0,LAX,BVH
4011,85636.0,LAX,LGB
4012,85654.0,LAX,DTLA
4013,85709.0,LAX,DTLA
4014,85755.0,LAX,LGB
4015,85757.0,LAX,DTLA
4016,85761.0,LAX,DTLA
4017,85779.0,LAX,PSD
4018,85812.0,LAX,ANH
4019,85814.0,LAX,LGB
4020,85819.0,LAX,DTLA
4021,85855.0,LAX,ANH
4022,85869.0,LAX,UVS
4023,85872.0,LAX,HWD
4024,85879.0,LAX,HWD
4025,85894.0,LAX,BVH
4026,86235.0,LAX,DTLA
4027,86336.0,LAX,DTLA
4028,86347.0,LAX,PSD
4029,86347.0,LAX,DTLA
4030,86394.0,LAX,PSD
